    -14.000      7.927      8.007      7.770      7.904     -0.080     -0.134    -29.150    -29.110      7.927      8.007      7.770      7.904
    -16.000      7.136      7.298      6.987      7.211     -0.162     -0.224    -31.150    -31.110      7.136      7.298      6.987      7.211
    -18.000      5.838      6.093      5.672      6.040     -0.255     -0.369    -33.150    -33.110      5.838      6.093      5.672      6.040
    -20.000      4.017      4.287      3.893      4.281     -0.270     -0.388    -35.150    -35.110      4.017      4.287      3.893      4.281
    -22.000      2.113      2.385      2.018      2.410     -0.272     -0.392    -37.150    -37.110      2.113      2.385      2.018      2.410
    -24.000      0.229      0.502      0.154      0.549     -0.273     -0.394    -39.150    -39.110      0.229      0.502      0.154      0.549
    -26.000     -1.750     -1.476     -1.807     -1.412     -0.274     -0.395    -41.150    -41.110     -1.750     -1.476     -1.807     -1.412
    -28.000     -3.744     -3.469     -3.788     -3.390     -0.275     -0.398    -43.150    -43.110     -3.744     -3.469     -3.788     -3.390
    -30.000     -5.709     -5.434     -5.743     -5.344     -0.275     -0.399    -45.150    -45.110     -5.709     -5.434     -5.743     -5.344
    -32.000     -7.722     -7.447     -7.748     -7.348     -0.276     -0.400    -47.150    -47.110     -7.722     -7.447     -7.749     -7.348
    -34.000     -9.693     -9.418     -9.712     -9.312     -0.275     -0.399    -49.150    -49.110     -9.693     -9.418     -9.712     -9.312
    -36.000    -11.714    -11.439    -11.727    -11.328     -0.275     -0.400    -51.150    -51.110    -11.714    -11.439    -11.727    -11.328
    -38.000    -13.239    -12.969    -13.252    -12.850     -0.270     -0.402    -53.150    -53.110    -13.239    -12.969    -13.253    -12.850
    -40.000    -15.698    -15.425    -15.704    -15.306     -0.272     -0.398    -55.150    -55.110    -15.698    -15.425    -15.704    -15.307
    -42.000    -17.713    -17.440    -17.719    -17.319     -0.274     -0.400    -57.150    -57.110    -17.713    -17.440    -17.719    -17.319
    -44.000    -19.692    -19.419    -19.697    -19.298     -0.273     -0.399    -59.150    -59.110    -19.692    -19.419    -19.697    -19.298
    -46.000    -21.692    -21.419    -21.696    -21.297     -0.273     -0.399    -61.150    -61.110    -21.692    -21.419    -21.696    -21.297
    -48.000    -23.663    -23.389    -23.660    -23.264     -0.274     -0.397    -63.150    -63.110    -23.663    -23.389    -23.661    -23.264
    -50.000    -25.678    -25.405    -25.680    -25.281     -0.273     -0.399    -65.150    -65.110    -25.678    -25.405    -25.680    -25.281
    -52.000    -27.697    -27.423    -27.698    -27.299     -0.273     -0.399    -67.150    -67.110    -27.697    -27.423    -27.698    -27.300
    -54.000    -29.712    -29.439    -29.714    -29.315     -0.273     -0.399    -69.150    -69.110    -29.712    -29.439    -29.714    -29.315
    -56.000    -31.730    -31.458    -31.732    -31.334     -0.273     -0.398    -71.150    -71.110    -31.731    -31.458    -31.733    -31.334
    -58.000    -33.684    -33.411    -33.686    -33.287     -0.273     -0.399    -73.150    -73.110    -33.684    -33.412    -33.686    -33.287
    -60.000    -35.705    -35.431    -35.706    -35.306     -0.273     -0.400    -75.150    -75.110    -35.705    -35.432    -35.706    -35.306
    -62.000    -37.724    -37.451    -37.725    -37.325     -0.273     -0.400    -77.150    -77.110    -37.724    -37.452    -37.726    -37.326
    -64.000    -39.671    -39.398    -39.670    -39.270     -0.273     -0.401    -79.150    -79.110    -39.672    -39.399    -39.671    -39.270
    -66.000    -41.690    -41.418    -41.687    -41.287     -0.272     -0.400    -81.150    -81.110    -41.692    -41.420    -41.689    -41.289
    -68.000    -43.651    -43.380    -43.649    -43.249     -0.272     -0.401    -83.150    -83.110    -43.654    -43.382    -43.651    -43.251
    -70.000    -45.665    -45.395    -45.668    -45.267     -0.270     -0.401    -85.150    -85.110    -45.668    -45.399    -45.672    -45.270
    -72.000    -47.673    -47.405    -47.682    -47.279     -0.268     -0.403    -87.150    -87.110    -47.679    -47.410    -47.688    -47.285
    -74.000    -49.639    -49.370    -49.653    -49.251     -0.268     -0.402    -89.150    -89.110    -49.647    -49.379    -49.662    -49.259
    -76.000    -51.641    -51.373    -51.660    -51.257     -0.268     -0.402    -91.150    -91.110    -51.655    -51.387    -51.673    -51.271
    -78.000    -53.579    -53.313    -53.601    -53.198     -0.266     -0.402    -93.150    -93.110    -53.601    -53.335    -53.622    -53.220
    -80.000    -55.581    -55.315    -55.608    -55.201     -0.266     -0.407    -95.150    -95.110    -55.615    -55.349    -55.642    -55.235
    -82.000    -57.530    -57.260    -57.550    -57.149     -0.270     -0.401    -97.150    -97.110    -57.583    -57.314    -57.604    -57.203
    -84.000    -59.515    -59.252    -59.539    -59.129     -0.263     -0.410    -99.150    -99.110    -59.600    -59.338    -59.624    -59.215
    -86.000    -60.873    -60.611    -60.907    -60.495     -0.263     -0.413   -101.150   -101.110    -60.990    -60.729    -61.024    -60.612
    -88.000    -63.383    -63.119    -63.411    -62.999     -0.263     -0.412   -103.150   -103.110    -63.593    -63.332    -63.621    -63.211
    -90.000    -65.290    -65.021    -65.315    -64.897     -0.269     -0.418   -105.150   -105.110    -65.620    -65.355    -65.645    -65.229
    -92.000    -67.097    -66.815    -67.127    -66.712     -0.282     -0.415   -107.150   -107.110    -67.608    -67.331    -67.638    -67.226
    -94.000    -68.848    -68.576    -68.858    -68.461     -0.272     -0.397   -109.150   -109.110    -69.637    -69.375    -69.643    -69.254
    -96.000    -70.407    -70.112    -70.415    -70.011     -0.295     -0.404   -111.150   -111.110    -71.587    -71.301    -71.588    -71.195
    -98.000    -71.861    -71.572    -71.892    -71.463     -0.289     -0.428   -113.150   -113.110    -73.617    -73.343    -73.647    -73.225
   -100.000    -73.089    -72.819    -73.144    -72.706     -0.269     -0.439   -115.150   -115.110    -75.616    -75.387    -75.692    -75.254
   -102.000    -74.091    -73.779    -74.106    -73.687     -0.312     -0.419   -117.150   -117.110    -77.613    -77.312    -77.610    -77.216
   -104.000    -74.877    -74.584    -74.900    -74.482     -0.293     -0.419   -119.150   -119.110    -79.637    -79.399    -79.647    -79.272
   -106.000    -75.451    -75.144    -75.482    -75.046     -0.306     -0.436   -121.150   -121.110    -81.647    -81.387    -81.680    -81.258
   -108.000    -75.864    -75.556    -75.899    -75.458     -0.308     -0.441   -123.150   -123.110    -83.710    -83.467    -83.770    -83.324
   -110.000    -76.153    -75.823    -76.164    -75.726     -0.331     -0.439   -125.150   -125.110    -85.874    -85.460    -85.727    -85.300
   -112.000    -76.308    -75.991    -76.345    -75.893     -0.317     -0.452   -127.150   -127.110    -87.605    -87.334    -87.725    -87.123
   -114.000    -76.434    -76.113    -76.462    -76.039     -0.321     -0.423   -129.150   -129.110    -89.724    -89.389    -89.691    -89.632
   -116.000    -76.526    -76.178    -76.552    -76.099     -0.349     -0.453   -131.150   -131.110    -92.294    -91.016    -92.154    -91.254
   -118.000    -76.572    -76.246    -76.610    -76.147     -0.326     -0.464   -133.150   -133.110    -94.501    -93.818    -95.016    -93.189
   -120.000    -76.587    -76.270    -76.638    -76.184     -0.317     -0.454   -135.150   -135.110    -95.492    -95.454    -97.538    -95.634
   -122.000    -76.619    -76.300    -76.636    -76.211     -0.320     -0.425   -137.150   -137.110    -99.290    -99.143    -97.298    -99.143
   -124.000    -76.636    -76.312    -76.675    -76.234     -0.323     -0.441   -139.150   -139.110   -104.599   -102.684    -97.298    -99.143
   -126.000    -76.660    -76.331    -76.679    -76.248     -0.329     -0.431   -141.150   -141.110   -104.599   -102.684    -97.298    -99.143
   -128.000    -76.646    -76.320    -76.655    -76.242     -0.326     -0.413   -143.150   -143.110   -104.599   -102.684    -97.298    -99.143
   -130.000    -76.649    -76.326    -76.687    -76.222     -0.323     -0.465   -145.150   -145.110   -104.599   -102.684    -97.298    -99.143
   -132.000    -76.653    -76.330    -76.681    -76.259     -0.323     -0.422   -147.150   -147.110   -104.599   -102.684    -97.298    -99.143
   -134.000    -76.653    -76.343    -76.685    -76.236     -0.310     -0.449   -149.150   -149.110   -104.599   -102.684    -97.298    -99.143
   -136.000    -76.665    -76.320    -76.690    -76.236     -0.345     -0.454   -151.150   -151.110   -104.599   -102.684    -97.298    -99.143
   -138.000    -76.649    -76.340    -76.690    -76.264     -0.309     -0.426   -153.150   -153.110   -104.599   -102.684    -97.298    -99.143
   -140.000    -76.655    -76.355    -76.691    -76.229     -0.300     -0.462   -155.150   -155.110   -104.599   -102.684    -97.298    -99.143
