    -14.000      7.947      8.016      7.798      7.916     -0.069     -0.118    -29.150    -29.110      7.947      8.016      7.798      7.916
    -16.000      7.185      7.332      7.030      7.231     -0.147     -0.201    -31.150    -31.110      7.185      7.331      7.030      7.231
    -18.000      5.900      6.145      5.733      6.095     -0.245     -0.362    -33.150    -33.110      5.900      6.145      5.733      6.094
    -20.000      4.083      4.348      3.959      4.342     -0.265     -0.383    -35.150    -35.110      4.083      4.348      3.959      4.342
    -22.000      2.180      2.448      2.085      2.473     -0.268     -0.388    -37.150    -37.110      2.180      2.448      2.085      2.473
    -24.000      0.297      0.566      0.223      0.613     -0.269     -0.390    -39.150    -39.110      0.297      0.566      0.223      0.613
    -26.000     -1.681     -1.411     -1.738     -1.347     -0.270     -0.391    -41.150    -41.110     -1.681     -1.412     -1.738     -1.347
    -28.000     -3.674     -3.404     -3.717     -3.324     -0.270     -0.393    -43.150    -43.110     -3.674     -3.404     -3.717     -3.324
    -30.000     -5.639     -5.368     -5.672     -5.278     -0.271     -0.394    -45.150    -45.110     -5.639     -5.368     -5.672     -5.278
    -32.000     -7.652     -7.382     -7.678     -7.283     -0.271     -0.395    -47.150    -47.110     -7.652     -7.382     -7.678     -7.283
    -34.000     -9.623     -9.353     -9.642     -9.247     -0.270     -0.395    -49.150    -49.110     -9.623     -9.353     -9.642     -9.247
    -36.000    -11.645    -11.375    -11.658    -11.262     -0.270     -0.395    -51.150    -51.110    -11.645    -11.375    -11.658    -11.262
    -38.000    -13.613    -13.343    -13.620    -13.226     -0.269     -0.394    -53.150    -53.110    -13.613    -13.343    -13.621    -13.226
    -40.000    -15.629    -15.360    -15.634    -15.241     -0.268     -0.393    -55.150    -55.110    -15.629    -15.360    -15.634    -15.241
    -42.000    -17.644    -17.375    -17.648    -17.253     -0.269     -0.395    -57.150    -57.110    -17.644    -17.375    -17.648    -17.253
    -44.000    -19.623    -19.354    -19.627    -19.232     -0.269     -0.395    -59.150    -59.110    -19.623    -19.354    -19.627    -19.232
    -46.000    -21.622    -21.353    -21.626    -21.231     -0.269     -0.395    -61.150    -61.110    -21.622    -21.353    -21.626    -21.231
    -48.000    -23.594    -23.324    -23.591    -23.198     -0.270     -0.393    -63.150    -63.110    -23.594    -23.324    -23.591    -23.198
    -50.000    -25.609    -25.340    -25.609    -25.214     -0.269     -0.395    -65.150    -65.110    -25.609    -25.340    -25.609    -25.214
    -52.000    -27.627    -27.358    -27.628    -27.233     -0.269     -0.395    -67.150    -67.110    -27.627    -27.358    -27.628    -27.233
    -54.000    -29.642    -29.373    -29.643    -29.248     -0.269     -0.395    -69.150    -69.110    -29.642    -29.373    -29.643    -29.248
    -56.000    -31.660    -31.392    -31.661    -31.267     -0.268     -0.394    -71.150    -71.110    -31.660    -31.392    -31.661    -31.267
    -58.000    -33.153    -32.893    -33.162    -32.759     -0.260     -0.403    -73.150    -73.110    -33.153    -32.893    -33.162    -32.759
    -60.000    -35.635    -35.367    -35.636    -35.240     -0.268     -0.396    -75.150    -75.110    -35.635    -35.367    -35.636    -35.240
    -62.000    -37.654    -37.386    -37.654    -37.260     -0.268     -0.395    -77.150    -77.110    -37.655    -37.387    -37.655    -37.260
    -64.000    -39.600    -39.333    -39.599    -39.204     -0.267     -0.395    -79.150    -79.110    -39.601    -39.334    -39.600    -39.205
    -66.000    -41.620    -41.353    -41.617    -41.222     -0.267     -0.395    -81.150    -81.110    -41.622    -41.354    -41.618    -41.223
    -68.000    -43.582    -43.315    -43.579    -43.183     -0.267     -0.396    -83.150    -83.110    -43.584    -43.317    -43.581    -43.185
    -70.000    -45.596    -45.331    -45.597    -45.202     -0.265     -0.396    -85.150    -85.110    -45.600    -45.335    -45.601    -45.205
    -72.000    -47.603    -47.340    -47.612    -47.215     -0.263     -0.398    -87.150    -87.110    -47.609    -47.346    -47.618    -47.220
    -74.000    -49.570    -49.307    -49.583    -49.185     -0.263     -0.398    -89.150    -89.110    -49.579    -49.316    -49.592    -49.194
    -76.000    -51.573    -51.311    -51.592    -51.191     -0.262     -0.401    -91.150    -91.110    -51.586    -51.325    -51.605    -51.205
    -78.000    -53.513    -53.249    -53.532    -53.135     -0.264     -0.397    -93.150    -93.110    -53.534    -53.271    -53.553    -53.156
    -80.000    -55.513    -55.255    -55.537    -55.138     -0.258     -0.399    -95.150    -95.110    -55.546    -55.289    -55.571    -55.172
    -82.000    -57.457    -57.199    -57.486    -57.081     -0.258     -0.404    -97.150    -97.110    -57.510    -57.253    -57.538    -57.134
    -84.000    -59.447    -59.188    -59.475    -59.069     -0.260     -0.406    -99.150    -99.110    -59.531    -59.273    -59.559    -59.153
    -86.000    -61.403    -61.147    -61.431    -61.027     -0.256     -0.404   -101.150   -101.110    -61.535    -61.281    -61.563    -61.160
    -88.000    -63.328    -63.060    -63.354    -62.949     -0.269     -0.405   -103.150   -103.110    -63.536    -63.270    -63.561    -63.158
    -90.000    -65.233    -64.970    -65.256    -64.846     -0.263     -0.409   -105.150   -105.110    -65.559    -65.302    -65.582    -65.175
    -92.000    -67.040    -66.762    -67.064    -66.646     -0.278     -0.419   -107.150   -107.110    -67.545    -67.273    -67.569    -67.153
    -94.000    -68.782    -68.507    -68.814    -68.395     -0.275     -0.419   -109.150   -109.110    -69.560    -69.294    -69.592    -69.178
    -96.000    -70.352    -70.075    -70.384    -69.956     -0.277     -0.429   -111.150   -111.110    -71.517    -71.255    -71.550    -71.125
    -98.000    -71.813    -71.518    -71.839    -71.433     -0.295     -0.406   -113.150   -113.110    -73.548    -73.269    -73.573    -73.183
   -100.000    -73.055    -72.770    -73.089    -72.659     -0.286     -0.430   -115.150   -115.110    -75.562    -75.308    -75.599    -75.177
   -102.000    -74.042    -73.736    -74.068    -73.633     -0.306     -0.435   -117.150   -117.110    -77.513    -77.231    -77.534    -77.107
   -104.000    -74.865    -74.531    -74.871    -74.445     -0.334     -0.426   -119.150   -119.110    -79.617    -79.265    -79.575    -79.179
   -106.000    -75.254    -74.942    -75.266    -74.840     -0.311     -0.426   -121.150   -121.110    -80.900    -80.624    -80.866    -80.481
   -108.000    -75.851    -75.540    -75.864    -75.454     -0.311     -0.410   -123.150   -123.110    -83.667    -83.429    -83.598    -83.344
   -110.000    -76.126    -75.811    -76.158    -75.722     -0.315     -0.436   -125.150   -125.110    -85.684    -85.451    -85.732    -85.339
   -112.000    -76.314    -75.995    -76.336    -75.907     -0.320     -0.430   -127.150   -127.110    -87.786    -87.537    -87.700    -87.423
   -114.000    -76.442    -76.109    -76.462    -76.015     -0.333     -0.448   -129.150   -129.110    -90.051    -89.554    -89.863    -89.288
   -116.000    -76.517    -76.183    -76.539    -76.091     -0.334     -0.448   -131.150   -131.110    -92.212    -91.557    -91.965    -91.295
   -118.000    -76.546    -76.245    -76.585    -76.131     -0.301     -0.454   -133.150   -133.110    -93.424    -94.469    -93.932    -92.873
   -120.000    -76.595    -76.273    -76.622    -76.206     -0.322     -0.416   -135.150   -135.110    -96.926    -96.922    -96.603    -99.958
   -122.000    -76.603    -76.290    -76.658    -76.219     -0.314     -0.439   -137.150   -137.110    -97.928    -99.504   -104.266   -105.083
   -124.000    -76.630    -76.309    -76.666    -76.216     -0.321     -0.450   -139.150   -139.110   -105.278   -110.468   -104.266   -103.597
   -126.000    -76.642    -76.313    -76.658    -76.218     -0.329     -0.440   -141.150   -141.110   -105.278   -110.468   -104.266   -104.714
   -128.000    -76.642    -76.327    -76.659    -76.229     -0.315     -0.430   -143.150   -143.110   -105.278   -110.468   -104.266   -104.714
   -130.000    -76.642    -76.299    -76.673    -76.218     -0.343     -0.455   -145.150   -145.110   -105.278   -110.468   -104.266   -104.714
   -132.000    -76.658    -76.323    -76.668    -76.230     -0.335     -0.438   -147.150   -147.110   -105.278   -110.468   -104.266   -104.714
   -134.000    -76.649    -76.312    -76.672    -76.227     -0.337     -0.445   -149.150   -149.110   -105.278   -110.468   -104.266   -104.714
   -136.000    -76.650    -76.335    -76.692    -76.251     -0.315     -0.440   -151.150   -151.110   -105.278   -110.468   -104.266   -104.714
   -138.000    -76.642    -76.320    -76.679    -76.210     -0.322     -0.469   -153.150   -153.110   -105.278   -110.468   -104.266   -104.714
   -140.000    -76.638    -76.316    -76.673    -76.243     -0.322     -0.431   -155.150   -155.110   -105.278   -110.468   -104.266   -104.714
