    -14.000      6.791      6.564      6.671      6.503      0.227      0.168    -29.150    -29.110      6.791      6.564      6.671      6.503
    -16.000      5.100      4.792      4.978      4.742      0.308      0.236    -31.150    -31.110      5.100      4.792      4.978      4.742
    -18.000      3.253      2.932      3.147      2.895      0.321      0.252    -33.150    -33.110      3.253      2.932      3.147      2.895
    -20.000      1.296      0.967      1.201      0.939      0.329      0.262    -35.150    -35.110      1.296      0.967      1.201      0.939
    -22.000     -0.665     -0.998     -0.752     -1.020      0.333      0.268    -37.150    -37.110     -0.665     -0.998     -0.753     -1.020
    -24.000     -2.617     -2.953     -2.699     -2.969      0.336      0.270    -39.150    -39.110     -2.617     -2.953     -2.699     -2.969
    -26.000     -4.625     -4.962     -4.702     -4.973      0.337      0.272    -41.150    -41.110     -4.625     -4.962     -4.702     -4.973
    -28.000     -6.634     -6.973     -6.707     -6.980      0.339      0.273    -43.150    -43.110     -6.634     -6.973     -6.707     -6.980
    -30.000     -8.608     -8.948     -8.679     -8.953      0.340      0.274    -45.150    -45.110     -8.608     -8.948     -8.679     -8.953
    -32.000    -10.607    -10.948    -10.675    -10.949      0.341      0.274    -47.150    -47.110    -10.607    -10.948    -10.675    -10.949
    -34.000    -12.599    -12.941    -12.665    -12.939      0.342      0.274    -49.150    -49.110    -12.599    -12.941    -12.665    -12.939
    -36.000    -14.619    -14.960    -14.682    -14.955      0.341      0.273    -51.150    -51.110    -14.619    -14.960    -14.682    -14.955
    -38.000    -16.578    -16.921    -16.639    -16.914      0.343      0.274    -53.150    -53.110    -16.578    -16.921    -16.639    -16.914
    -40.000    -18.605    -18.949    -18.665    -18.939      0.344      0.275    -55.150    -55.110    -18.605    -18.949    -18.665    -18.940
    -42.000    -20.607    -20.951    -20.666    -20.940      0.344      0.274    -57.150    -57.110    -20.607    -20.951    -20.666    -20.940
    -44.000    -22.592    -22.937    -22.649    -22.923      0.345      0.274    -59.150    -59.110    -22.592    -22.937    -22.649    -22.923
    -46.000    -24.616    -24.957    -24.664    -24.939      0.341      0.274    -61.150    -61.110    -24.617    -24.958    -24.664    -24.939
    -48.000    -26.584    -26.928    -26.636    -26.911      0.345      0.275    -63.150    -63.110    -26.584    -26.929    -26.636    -26.911
    -50.000    -28.609    -28.952    -28.660    -28.935      0.344      0.274    -65.150    -65.110    -28.609    -28.952    -28.660    -28.935
    -52.000    -30.632    -30.976    -30.683    -30.958      0.344      0.274    -67.150    -67.110    -30.632    -30.976    -30.684    -30.958
    -54.000    -32.623    -32.967    -32.674    -32.949      0.344      0.275    -69.150    -69.110    -32.623    -32.967    -32.674    -32.949
    -56.000    -34.645    -34.988    -34.694    -34.970      0.343      0.275    -71.150    -71.110    -34.645    -34.988    -34.695    -34.970
    -58.000    -36.601    -36.944    -36.650    -36.925      0.343      0.275    -73.150    -73.110    -36.601    -36.944    -36.650    -36.926
    -60.000    -38.622    -38.965    -38.671    -38.947      0.343      0.276    -75.150    -75.110    -38.623    -38.966    -38.672    -38.948
    -62.000    -40.643    -40.986    -40.690    -40.967      0.343      0.277    -77.150    -77.110    -40.644    -40.987    -40.691    -40.968
    -64.000    -42.621    -42.963    -42.666    -42.944      0.342      0.278    -79.150    -79.110    -42.622    -42.965    -42.668    -42.946
    -66.000    -43.838    -44.173    -43.879    -44.164      0.335      0.285    -81.150    -81.110    -43.840    -44.175    -43.881    -44.166
    -68.000    -46.595    -46.936    -46.649    -46.929      0.341      0.280    -83.150    -83.110    -46.599    -46.940    -46.653    -46.933
    -70.000    -48.609    -48.949    -48.668    -48.951      0.340      0.282    -85.150    -85.110    -48.615    -48.956    -48.675    -48.958
    -72.000    -50.617    -50.954    -50.684    -50.969      0.337      0.285    -87.150    -87.110    -50.627    -50.965    -50.694    -50.980
    -74.000    -52.578    -52.917    -52.655    -52.941      0.339      0.286    -89.150    -89.110    -52.595    -52.934    -52.671    -52.958
    -76.000    -54.583    -54.918    -54.662    -54.951      0.335      0.289    -91.150    -91.110    -54.609    -54.945    -54.688    -54.978
    -78.000    -56.522    -56.862    -56.607    -56.894      0.340      0.287    -93.150    -93.110    -56.562    -56.905    -56.647    -56.936
    -80.000    -58.523    -58.858    -58.612    -58.900      0.336      0.289    -95.150    -95.110    -58.587    -58.926    -58.676    -58.968
    -82.000    -60.442    -60.773    -60.534    -60.819      0.331      0.286    -97.150    -97.110    -60.543    -60.878    -60.635    -60.925
    -84.000    -62.414    -62.743    -62.504    -62.786      0.329      0.282    -99.150    -99.110    -62.574    -62.910    -62.664    -62.954
    -86.000    -64.348    -64.674    -64.436    -64.723      0.326      0.288   -101.150   -101.110    -64.600    -64.937    -64.688    -64.988
    -88.000    -66.192    -66.506    -66.273    -66.556      0.314      0.282   -103.150   -103.110    -66.583    -66.913    -66.665    -66.965
    -90.000    -67.999    -68.313    -68.087    -68.353      0.314      0.266   -105.150   -105.110    -68.607    -68.946    -68.695    -68.988
    -92.000    -69.649    -69.976    -69.757    -70.005      0.326      0.248   -107.150   -107.110    -70.569    -70.939    -70.683    -70.969
    -94.000    -71.212    -71.503    -71.304    -71.538      0.291      0.234   -109.150   -109.110    -72.599    -72.947    -72.696    -72.985
    -96.000    -72.550    -72.810    -72.640    -72.848      0.260      0.208   -111.150   -111.110    -74.571    -74.901    -74.667    -74.946
    -98.000    -73.699    -73.958    -73.800    -73.991      0.259      0.191   -113.150   -113.110    -76.580    -76.950    -76.700    -76.988
   -100.000    -74.636    -74.853    -74.709    -74.896      0.216      0.187   -115.150   -115.110    -78.635    -78.962    -78.695    -79.030
   -102.000    -75.323    -75.497    -75.386    -75.561      0.174      0.174   -117.150   -117.110    -80.622    -80.865    -80.644    -81.020
   -104.000    -75.828    -76.020    -75.900    -76.041      0.193      0.141   -119.150   -119.110    -82.639    -83.020    -82.679    -83.014
   -106.000    -76.181    -76.352    -76.261    -76.376      0.171      0.115   -121.150   -121.110    -84.682    -85.016    -84.758    -85.018
   -108.000    -76.408    -76.562    -76.503    -76.608      0.155      0.105   -123.150   -123.110    -86.618    -86.866    -86.859    -87.101
   -110.000    -76.561    -76.715    -76.657    -76.749      0.154      0.092   -125.150   -125.110    -88.580    -88.875    -88.920    -89.026
   -112.000    -76.663    -76.828    -76.766    -76.868      0.165      0.102   -127.150   -127.110    -90.598    -91.273    -91.269    -91.671
   -114.000    -76.738    -76.877    -76.810    -76.924      0.139      0.114   -129.150   -129.110    -92.970    -92.882    -92.702    -93.763
   -116.000    -76.785    -76.939    -76.859    -76.957      0.153      0.097   -131.150   -131.110    -95.613    -96.479    -95.213    -95.732
   -118.000    -76.800    -76.948    -76.883    -76.973      0.148      0.089   -133.150   -133.110    -96.878    -97.396    -97.281    -97.163
   -120.000    -76.811    -76.983    -76.908    -76.985      0.172      0.077   -135.150   -135.110    -98.212   -106.687   -101.387    -98.700
   -122.000    -76.833    -76.981    -76.921    -76.991      0.147      0.070   -137.150   -137.110   -103.547   -105.133   -110.057    -99.621
   -124.000    -76.831    -76.987    -76.913    -77.020      0.156      0.108   -139.150   -139.110   -102.659   -121.562   -103.080    -99.621
   -126.000    -76.849    -76.983    -76.929    -77.013      0.134      0.083   -141.150   -141.110   -102.659   -106.878   -103.080    -99.621
   -128.000    -76.839    -76.989    -76.921    -77.009      0.150      0.088   -143.150   -143.110   -102.659   -106.878   -103.080    -99.621
   -130.000    -76.858    -76.985    -76.936    -77.017      0.127      0.081   -145.150   -145.110   -102.659   -106.878   -103.080    -99.621
   -132.000    -76.857    -76.994    -76.925    -77.031      0.137      0.106   -147.150   -147.110   -102.659   -106.878   -103.080    -99.621
   -134.000    -76.846    -76.990    -76.934    -77.028      0.144      0.093   -149.150   -149.110   -102.659   -106.878   -103.080    -99.621
   -136.000    -76.828    -76.996    -76.931    -77.029      0.168      0.098   -151.150   -151.110   -102.659   -106.878   -103.080    -99.621
   -138.000    -76.866    -76.992    -76.921    -77.004      0.126      0.083   -153.150   -153.110   -102.659   -106.878   -103.080    -99.621
   -140.000    -76.850    -76.981    -76.917    -77.034      0.131      0.117   -155.150   -155.110   -102.659   -106.878   -103.080    -99.621
