    -14.000      6.801      6.574      6.684      6.515      0.227      0.169    -29.150    -29.110      6.801      6.574      6.684      6.515
    -16.000      5.112      4.805      4.991      4.755      0.308      0.236    -31.150    -31.110      5.112      4.805      4.991      4.754
    -18.000      3.266      2.945      3.160      2.907      0.321      0.253    -33.150    -33.110      3.266      2.945      3.160      2.907
    -20.000      1.308      0.979      1.213      0.950      0.329      0.263    -35.150    -35.110      1.308      0.979      1.213      0.950
    -22.000     -0.652     -0.987     -0.740     -1.008      0.334      0.268    -37.150    -37.110     -0.653     -0.987     -0.740     -1.009
    -24.000     -2.604     -2.941     -2.687     -2.958      0.337      0.271    -39.150    -39.110     -2.605     -2.941     -2.687     -2.958
    -26.000     -4.613     -4.952     -4.691     -4.963      0.338      0.272    -41.150    -41.110     -4.613     -4.952     -4.691     -4.963
    -28.000     -6.623     -6.963     -6.697     -6.970      0.340      0.274    -43.150    -43.110     -6.623     -6.963     -6.697     -6.970
    -30.000     -8.598     -8.938     -8.668     -8.943      0.341      0.274    -45.150    -45.110     -8.598     -8.938     -8.668     -8.943
    -32.000    -10.596    -10.938    -10.665    -10.940      0.342      0.275    -47.150    -47.110    -10.596    -10.938    -10.665    -10.940
    -34.000    -11.956    -12.293    -12.018    -12.298      0.337      0.280    -49.150    -49.110    -11.956    -12.293    -12.018    -12.298
    -36.000    -14.610    -14.952    -14.673    -14.946      0.341      0.274    -51.150    -51.110    -14.610    -14.952    -14.673    -14.946
    -38.000    -16.569    -16.913    -16.630    -16.905      0.344      0.275    -53.150    -53.110    -16.569    -16.913    -16.630    -16.906
    -40.000    -18.597    -18.941    -18.656    -18.932      0.345      0.275    -55.150    -55.110    -18.597    -18.941    -18.656    -18.932
    -42.000    -20.599    -20.944    -20.657    -20.932      0.344      0.275    -57.150    -57.110    -20.599    -20.944    -20.657    -20.932
    -44.000    -22.584    -22.929    -22.641    -22.915      0.345      0.274    -59.150    -59.110    -22.584    -22.929    -22.641    -22.915
    -46.000    -24.609    -24.950    -24.656    -24.931      0.341      0.275    -61.150    -61.110    -24.609    -24.950    -24.656    -24.931
    -48.000    -26.576    -26.921    -26.628    -26.903      0.345      0.275    -63.150    -63.110    -26.576    -26.921    -26.628    -26.903
    -50.000    -28.601    -28.945    -28.652    -28.928      0.344      0.275    -65.150    -65.110    -28.601    -28.946    -28.653    -28.928
    -52.000    -30.624    -30.968    -30.675    -30.950      0.344      0.275    -67.150    -67.110    -30.624    -30.968    -30.676    -30.950
    -54.000    -32.614    -32.959    -32.665    -32.941      0.345      0.276    -69.150    -69.110    -32.615    -32.959    -32.665    -32.941
    -56.000    -34.636    -34.980    -34.686    -34.962      0.344      0.276    -71.150    -71.110    -34.637    -34.981    -34.686    -34.962
    -58.000    -36.593    -36.937    -36.642    -36.919      0.344      0.277    -73.150    -73.110    -36.594    -36.938    -36.643    -36.919
    -60.000    -38.615    -38.959    -38.664    -38.941      0.344      0.277    -75.150    -75.110    -38.616    -38.960    -38.665    -38.941
    -62.000    -40.637    -40.980    -40.683    -40.961      0.343      0.278    -77.150    -77.110    -40.638    -40.981    -40.684    -40.962
    -64.000    -42.614    -42.958    -42.660    -42.939      0.344      0.278    -79.150    -79.110    -42.616    -42.960    -42.662    -42.940
    -66.000    -44.634    -44.976    -44.681    -44.961      0.342      0.280    -81.150    -81.110    -44.636    -44.979    -44.684    -44.964
    -68.000    -46.589    -46.931    -46.643    -46.924      0.342      0.281    -83.150    -83.110    -46.594    -46.936    -46.647    -46.929
    -70.000    -48.604    -48.944    -48.664    -48.947      0.340      0.283    -85.150    -85.110    -48.611    -48.951    -48.670    -48.954
    -72.000    -50.613    -50.951    -50.680    -50.966      0.338      0.286    -87.150    -87.110    -50.624    -50.962    -50.690    -50.977
    -74.000    -52.574    -52.912    -52.652    -52.937      0.338      0.285    -89.150    -89.110    -52.590    -52.929    -52.668    -52.954
    -76.000    -54.580    -54.916    -54.659    -54.946      0.336      0.287    -91.150    -91.110    -54.606    -54.943    -54.685    -54.973
    -78.000    -56.522    -56.857    -56.603    -56.893      0.335      0.290    -93.150    -93.110    -56.562    -56.899    -56.644    -56.935
    -80.000    -58.520    -58.855    -58.608    -58.900      0.336      0.292    -95.150    -95.110    -58.584    -58.923    -58.672    -58.968
    -82.000    -60.032    -60.362    -60.120    -60.411      0.329      0.291    -97.150    -97.110    -60.124    -60.457    -60.211    -60.507
    -84.000    -62.411    -62.746    -62.504    -62.791      0.334      0.287    -99.150    -99.110    -62.571    -62.912    -62.664    -62.958
    -86.000    -64.341    -64.673    -64.431    -64.719      0.333      0.287   -101.150   -101.110    -64.592    -64.935    -64.683    -64.983
    -88.000    -66.182    -66.506    -66.281    -66.552      0.324      0.270   -103.150   -103.110    -66.572    -66.912    -66.672    -66.960
    -90.000    -67.999    -68.305    -68.085    -68.351      0.306      0.266   -105.150   -105.110    -68.607    -68.936    -68.693    -68.986
    -92.000    -69.660    -69.962    -69.758    -70.005      0.302      0.247   -107.150   -107.110    -70.584    -70.921    -70.683    -70.968
    -94.000    -71.229    -71.505    -71.320    -71.541      0.276      0.220   -109.150   -109.110    -72.624    -72.947    -72.717    -72.988
    -96.000    -72.555    -72.831    -72.643    -72.853      0.276      0.210   -111.150   -111.110    -74.581    -74.931    -74.669    -74.952
    -98.000    -73.707    -73.953    -73.797    -73.980      0.246      0.182   -113.150   -113.110    -76.599    -76.931    -76.690    -76.963
   -100.000    -74.631    -74.860    -74.705    -74.892      0.229      0.187   -115.150   -115.110    -78.627    -78.968    -78.678    -79.015
   -102.000    -75.327    -75.521    -75.389    -75.551      0.194      0.161   -117.150   -117.110    -80.643    -80.930    -80.643    -80.979
   -104.000    -75.831    -76.021    -75.919    -76.037      0.190      0.118   -119.150   -119.110    -82.669    -82.992    -82.756    -82.984
   -106.000    -76.176    -76.346    -76.279    -76.381      0.169      0.102   -121.150   -121.110    -84.670    -84.922    -84.859    -85.039
   -108.000    -76.408    -76.581    -76.501    -76.592      0.174      0.090   -123.150   -123.110    -86.652    -86.997    -86.792    -86.892
   -110.000    -76.550    -76.733    -76.661    -76.757      0.182      0.096   -125.150   -125.110    -88.468    -89.055    -88.902    -89.114
   -112.000    -76.674    -76.835    -76.748    -76.850      0.161      0.102   -127.150   -127.110    -90.960    -91.262    -90.663    -91.089
   -114.000    -76.738    -76.891    -76.834    -76.918      0.153      0.085   -129.150   -129.110    -93.147    -93.171    -93.514    -93.397
   -116.000    -76.779    -76.938    -76.867    -76.959      0.159      0.092   -131.150   -131.110    -95.409    -95.770    -95.424    -95.699
   -118.000    -76.810    -76.951    -76.891    -76.983      0.141      0.092   -133.150   -133.110    -98.601    -96.916    -97.596    -98.008
   -120.000    -76.814    -76.978    -76.898    -76.986      0.164      0.087   -135.150   -135.110    -99.199   -101.032    -98.611    -98.420
   -122.000    -76.811    -76.977    -76.911    -77.019      0.166      0.108   -137.150   -137.110    -98.754   -100.809   -101.024    -98.420
   -124.000    -76.825    -77.007    -76.918    -76.983      0.182      0.065   -139.150   -139.110   -101.922   -100.809   -103.355    -98.420
   -126.000    -76.832    -76.989    -76.916    -77.017      0.157      0.101   -141.150   -141.110   -104.920   -100.809   -102.702    -98.420
   -128.000    -76.865    -76.990    -76.938    -77.029      0.125      0.092   -143.150   -143.110   -104.920   -100.809   -102.702    -98.420
   -130.000    -76.847    -77.006    -76.942    -77.036      0.159      0.094   -145.150   -145.110   -104.920   -100.809   -102.702    -98.420
   -132.000    -76.841    -77.002    -76.931    -77.021      0.161      0.090   -147.150   -147.110   -104.920   -100.809   -102.702    -98.420
   -134.000    -76.853    -76.998    -76.941    -77.019      0.144      0.079   -149.150   -149.110   -104.920   -100.809   -102.702    -98.420
   -136.000    -76.835    -76.998    -76.929    -77.029      0.163      0.099   -151.150   -151.110   -104.920   -100.809   -102.702    -98.420
   -138.000    -76.851    -76.999    -76.945    -77.034      0.149      0.090   -153.150   -153.110   -104.920   -100.809   -102.702    -98.420
   -140.000    -76.853    -76.999    -76.938    -77.016      0.146      0.078   -155.150   -155.110   -104.920   -100.809   -102.702    -98.420
