    -14.000      6.754      6.552      6.651      6.534      0.202      0.116    -29.150    -29.110      6.754      6.552      6.651      6.534
    -16.000      5.050      4.778      4.955      4.779      0.272      0.175    -31.150    -31.110      5.050      4.778      4.954      4.779
    -18.000      3.206      2.920      3.126      2.935      0.286      0.191    -33.150    -33.110      3.206      2.920      3.126      2.935
    -20.000      1.248      0.955      1.179      0.980      0.293      0.200    -35.150    -35.110      1.248      0.955      1.179      0.979
    -22.000     -0.713     -1.010     -0.774     -0.979      0.297      0.204    -37.150    -37.110     -0.713     -1.010     -0.774     -0.979
    -24.000     -2.662     -2.962     -2.718     -2.925      0.300      0.207    -39.150    -39.110     -2.662     -2.963     -2.718     -2.926
    -26.000     -4.671     -4.972     -4.721     -4.930      0.302      0.208    -41.150    -41.110     -4.671     -4.972     -4.722     -4.930
    -28.000     -6.681     -6.983     -6.728     -6.937      0.302      0.209    -43.150    -43.110     -6.681     -6.983     -6.728     -6.937
    -30.000     -8.652     -8.956     -8.697     -8.907      0.304      0.210    -45.150    -45.110     -8.652     -8.956     -8.697     -8.907
    -32.000    -10.651    -10.956    -10.693    -10.903      0.305      0.210    -47.150    -47.110    -10.651    -10.956    -10.693    -10.903
    -34.000    -12.640    -12.946    -12.680    -12.891      0.306      0.210    -49.150    -49.110    -12.640    -12.946    -12.680    -12.891
    -36.000    -14.660    -14.965    -14.697    -14.906      0.305      0.209    -51.150    -51.110    -14.660    -14.965    -14.697    -14.907
    -38.000    -16.617    -16.925    -16.652    -16.863      0.307      0.210    -53.150    -53.110    -16.618    -16.925    -16.652    -16.863
    -40.000    -18.644    -18.952    -18.678    -18.888      0.308      0.211    -55.150    -55.110    -18.644    -18.952    -18.678    -18.888
    -42.000    -20.647    -20.956    -20.679    -20.890      0.309      0.211    -57.150    -57.110    -20.647    -20.956    -20.679    -20.890
    -44.000    -22.629    -22.937    -22.660    -22.870      0.308      0.210    -59.150    -59.110    -22.629    -22.937    -22.660    -22.870
    -46.000    -24.653    -24.958    -24.675    -24.885      0.305      0.210    -61.150    -61.110    -24.653    -24.958    -24.675    -24.885
    -48.000    -26.618    -26.927    -26.644    -26.855      0.309      0.211    -63.150    -63.110    -26.618    -26.927    -26.644    -26.855
    -50.000    -28.644    -28.951    -28.669    -28.880      0.307      0.210    -65.150    -65.110    -28.644    -28.951    -28.669    -28.880
    -52.000    -30.666    -30.973    -30.692    -30.902      0.307      0.210    -67.150    -67.110    -30.667    -30.973    -30.692    -30.902
    -54.000    -32.657    -32.966    -32.682    -32.894      0.308      0.212    -69.150    -69.110    -32.657    -32.966    -32.682    -32.894
    -56.000    -34.679    -34.986    -34.703    -34.914      0.308      0.212    -71.150    -71.110    -34.679    -34.987    -34.703    -34.915
    -58.000    -36.632    -36.940    -36.656    -36.868      0.308      0.211    -73.150    -73.110    -36.632    -36.940    -36.657    -36.868
    -60.000    -38.654    -38.961    -38.678    -38.889      0.307      0.211    -75.150    -75.110    -38.655    -38.962    -38.678    -38.890
    -62.000    -40.676    -40.983    -40.697    -40.910      0.307      0.213    -77.150    -77.110    -40.677    -40.984    -40.699    -40.911
    -64.000    -42.651    -42.958    -42.671    -42.885      0.307      0.214    -79.150    -79.110    -42.652    -42.960    -42.673    -42.887
    -66.000    -44.671    -44.977    -44.692    -44.908      0.306      0.216    -81.150    -81.110    -44.673    -44.979    -44.695    -44.911
    -68.000    -46.624    -46.928    -46.651    -46.868      0.304      0.217    -83.150    -83.110    -46.628    -46.932    -46.655    -46.872
    -70.000    -48.638    -48.942    -48.671    -48.889      0.303      0.218    -85.150    -85.110    -48.645    -48.949    -48.677    -48.896
    -72.000    -50.645    -50.947    -50.687    -50.907      0.302      0.221    -87.150    -87.110    -50.656    -50.958    -50.697    -50.918
    -74.000    -52.604    -52.907    -52.656    -52.876      0.303      0.221    -89.150    -89.110    -52.621    -52.924    -52.672    -52.893
    -76.000    -54.614    -54.910    -54.665    -54.895      0.297      0.230    -91.150    -91.110    -54.640    -54.938    -54.691    -54.922
    -78.000    -56.547    -56.848    -56.605    -56.831      0.301      0.226    -93.150    -93.110    -56.587    -56.890    -56.645    -56.873
    -80.000    -58.547    -58.849    -58.608    -58.831      0.302      0.223    -95.150    -95.110    -58.612    -58.917    -58.673    -58.898
    -82.000    -60.461    -60.763    -60.529    -60.754      0.302      0.225    -97.150    -97.110    -60.562    -60.868    -60.630    -60.859
    -84.000    -62.433    -62.724    -62.497    -62.719      0.291      0.222    -99.150    -99.110    -62.593    -62.891    -62.658    -62.886
    -86.000    -64.366    -64.661    -64.434    -64.651      0.295      0.216   -101.150   -101.110    -64.620    -64.925    -64.688    -64.914
    -88.000    -66.204    -66.493    -66.274    -66.484      0.289      0.210   -103.150   -103.110    -66.597    -66.902    -66.667    -66.891
    -90.000    -68.006    -68.285    -68.074    -68.286      0.279      0.212   -105.150   -105.110    -68.616    -68.918    -68.684    -68.919
    -92.000    -69.680    -69.953    -69.749    -69.944      0.272      0.195   -107.150   -107.110    -70.609    -70.918    -70.678    -70.905
    -94.000    -71.233    -71.485    -71.303    -71.487      0.252      0.183   -109.150   -109.110    -72.632    -72.932    -72.704    -72.933
    -96.000    -72.558    -72.787    -72.612    -72.789      0.229      0.177   -111.150   -111.110    -74.590    -74.882    -74.637    -74.882
    -98.000    -73.709    -73.921    -73.783    -73.940      0.213      0.157   -113.150   -113.110    -76.606    -76.903    -76.689    -76.936
   -100.000    -74.623    -74.822    -74.700    -74.814      0.200      0.113   -115.150   -115.110    -78.612    -78.926    -78.708    -78.896
   -102.000    -75.310    -75.491    -75.369    -75.488      0.181      0.119   -117.150   -117.110    -80.597    -80.912    -80.642    -80.891
   -104.000    -75.811    -75.987    -75.880    -75.979      0.176      0.099   -119.150   -119.110    -82.591    -82.961    -82.675    -82.904
   -106.000    -76.175    -76.342    -76.226    -76.317      0.167      0.091   -121.150   -121.110    -84.686    -85.114    -84.651    -84.900
   -108.000    -76.393    -76.558    -76.469    -76.543      0.165      0.075   -123.150   -123.110    -86.542    -87.098    -86.714    -86.882
   -110.000    -76.551    -76.709    -76.619    -76.707      0.157      0.088   -125.150   -125.110    -88.553    -89.211    -88.659    -89.110
   -112.000    -76.656    -76.790    -76.733    -76.791      0.134      0.058   -127.150   -127.110    -90.606    -90.942    -90.974    -90.870
   -114.000    -76.714    -76.862    -76.797    -76.869      0.147      0.072   -129.150   -129.110    -92.367    -93.361    -93.119    -93.471
   -116.000    -76.764    -76.906    -76.825    -76.906      0.142      0.081   -131.150   -131.110    -94.687    -95.960    -94.501    -95.625
   -118.000    -76.786    -76.931    -76.869    -76.931      0.145      0.062   -133.150   -133.110    -96.319    -98.664    -98.461    -98.098
   -120.000    -76.811    -76.933    -76.878    -76.951      0.122      0.073   -135.150   -135.110    -99.579    -99.021    -99.880   -101.961
   -122.000    -76.813    -76.939    -76.892    -76.974      0.126      0.082   -137.150   -137.110    -99.954   -100.181   -104.636   -101.961
   -124.000    -76.850    -76.972    -76.899    -76.961      0.122      0.062   -139.150   -139.110    -99.954   -100.181   -114.204   -101.961
   -126.000    -76.820    -76.955    -76.900    -76.956      0.135      0.056   -141.150   -141.110    -99.954   -100.181   -114.204   -101.961
   -128.000    -76.829    -76.961    -76.908    -76.968      0.132      0.060   -143.150   -143.110    -99.954   -100.181   -114.204   -101.961
   -130.000    -76.857    -76.966    -76.896    -76.962      0.109      0.066   -145.150   -145.110    -99.954   -100.181   -114.204   -101.961
   -132.000    -76.836    -76.957    -76.917    -76.973      0.121      0.056   -147.150   -147.110    -99.954   -100.181   -114.204   -101.961
   -134.000    -76.836    -76.958    -76.903    -76.963      0.123      0.061   -149.150   -149.110    -99.954   -100.181   -114.204   -101.961
   -136.000    -76.838    -76.973    -76.898    -76.969      0.136      0.071   -151.150   -151.110    -99.954   -100.181   -114.204   -101.961
   -138.000    -76.843    -76.977    -76.898    -76.968      0.135      0.071   -153.150   -153.110    -99.954   -100.181   -114.204   -101.961
   -140.000    -76.845    -76.967    -76.908    -76.965      0.122      0.057   -155.150   -155.110    -99.954   -100.181   -114.204   -101.961
