    -14.000      6.780      6.553      6.663      6.491      0.228      0.172    -29.150    -29.110      6.780      6.553      6.663      6.491
    -16.000      5.088      4.779      4.965      4.728      0.309      0.237    -31.150    -31.110      5.088      4.778      4.965      4.728
    -18.000      3.240      2.918      3.134      2.880      0.323      0.254    -33.150    -33.110      3.240      2.918      3.134      2.880
    -20.000      1.282      0.952      1.187      0.923      0.331      0.264    -35.150    -35.110      1.282      0.952      1.186      0.923
    -22.000     -0.679     -1.014     -0.767     -1.036      0.335      0.269    -37.150    -37.110     -0.679     -1.014     -0.767     -1.036
    -24.000     -2.631     -2.968     -2.713     -2.985      0.338      0.272    -39.150    -39.110     -2.631     -2.968     -2.713     -2.985
    -26.000     -4.639     -4.979     -4.717     -4.990      0.339      0.273    -41.150    -41.110     -4.639     -4.979     -4.717     -4.991
    -28.000     -6.649     -6.989     -6.723     -6.997      0.341      0.275    -43.150    -43.110     -6.649     -6.989     -6.723     -6.997
    -30.000     -8.623     -8.965     -8.695     -8.970      0.342      0.275    -45.150    -45.110     -8.623     -8.965     -8.695     -8.970
    -32.000    -10.622    -10.965    -10.691    -10.967      0.343      0.276    -47.150    -47.110    -10.622    -10.965    -10.691    -10.967
    -34.000    -12.614    -12.958    -12.681    -12.957      0.344      0.276    -49.150    -49.110    -12.614    -12.958    -12.681    -12.957
    -36.000    -14.635    -14.978    -14.699    -14.973      0.342      0.275    -51.150    -51.110    -14.635    -14.978    -14.699    -14.973
    -38.000    -16.595    -16.940    -16.656    -16.933      0.345      0.276    -53.150    -53.110    -16.595    -16.940    -16.656    -16.933
    -40.000    -18.622    -18.967    -18.682    -18.958      0.346      0.276    -55.150    -55.110    -18.622    -18.967    -18.682    -18.958
    -42.000    -20.624    -20.970    -20.684    -20.959      0.345      0.276    -57.150    -57.110    -20.624    -20.970    -20.684    -20.960
    -44.000    -22.609    -22.955    -22.667    -22.942      0.346      0.275    -59.150    -59.110    -22.609    -22.955    -22.667    -22.942
    -46.000    -24.633    -24.976    -24.682    -24.958      0.342      0.276    -61.150    -61.110    -24.633    -24.976    -24.682    -24.958
    -48.000    -26.601    -26.947    -26.654    -26.930      0.346      0.276    -63.150    -63.110    -26.601    -26.947    -26.654    -26.930
    -50.000    -28.627    -28.972    -28.679    -28.955      0.345      0.276    -65.150    -65.110    -28.627    -28.972    -28.679    -28.955
    -52.000    -30.649    -30.994    -30.701    -30.977      0.345      0.276    -67.150    -67.110    -30.649    -30.995    -30.701    -30.977
    -54.000    -32.639    -32.984    -32.691    -32.967      0.345      0.277    -69.150    -69.110    -32.639    -32.985    -32.691    -32.967
    -56.000    -34.661    -35.006    -34.711    -34.988      0.345      0.277    -71.150    -71.110    -34.661    -35.006    -34.711    -34.989
    -58.000    -36.618    -36.963    -36.668    -36.945      0.345      0.277    -73.150    -73.110    -36.618    -36.963    -36.668    -36.945
    -60.000    -38.640    -38.984    -38.689    -38.966      0.344      0.277    -75.150    -75.110    -38.641    -38.985    -38.690    -38.967
    -62.000    -40.661    -41.006    -40.708    -40.987      0.344      0.278    -77.150    -77.110    -40.662    -41.007    -40.709    -40.988
    -64.000    -42.639    -42.984    -42.685    -42.965      0.344      0.280    -79.150    -79.110    -42.641    -42.985    -42.686    -42.967
    -66.000    -44.659    -45.001    -44.706    -44.987      0.342      0.281    -81.150    -81.110    -44.662    -45.004    -44.709    -44.990
    -68.000    -46.621    -46.956    -46.669    -46.957      0.335      0.288    -83.150    -83.110    -46.625    -46.960    -46.673    -46.961
    -70.000    -48.629    -48.970    -48.688    -48.972      0.342      0.284    -85.150    -85.110    -48.635    -48.977    -48.695    -48.979
    -72.000    -50.636    -50.975    -50.704    -50.990      0.339      0.286    -87.150    -87.110    -50.646    -50.986    -50.714    -51.001
    -74.000    -52.599    -52.936    -52.674    -52.963      0.338      0.290    -89.150    -89.110    -52.615    -52.953    -52.690    -52.980
    -76.000    -54.600    -54.941    -54.681    -54.971      0.341      0.290    -91.150    -91.110    -54.626    -54.968    -54.707    -54.998
    -78.000    -56.543    -56.880    -56.627    -56.919      0.337      0.291    -93.150    -93.110    -56.583    -56.922    -56.668    -56.961
    -80.000    -58.542    -58.880    -58.629    -58.922      0.337      0.293    -95.150    -95.110    -58.607    -58.947    -58.694    -58.990
    -82.000    -60.462    -60.797    -60.555    -60.843      0.335      0.287    -97.150    -97.110    -60.563    -60.903    -60.656    -60.948
    -84.000    -62.434    -62.763    -62.528    -62.809      0.329      0.281    -99.150    -99.110    -62.594    -62.930    -62.688    -62.976
    -86.000    -64.367    -64.691    -64.456    -64.746      0.325      0.290   -101.150   -101.110    -64.619    -64.954    -64.709    -65.010
    -88.000    -66.201    -66.529    -66.303    -66.575      0.329      0.272   -103.150   -103.110    -66.592    -66.938    -66.696    -66.984
    -90.000    -68.019    -68.332    -68.106    -68.377      0.312      0.272   -105.150   -105.110    -68.629    -68.966    -68.715    -69.014
    -92.000    -69.678    -69.972    -69.770    -70.020      0.294      0.250   -107.150   -107.110    -70.604    -70.932    -70.697    -70.983
    -94.000    -71.240    -71.526    -71.329    -71.564      0.286      0.236   -109.150   -109.110    -72.638    -72.976    -72.725    -73.015
    -96.000    -72.558    -72.831    -72.655    -72.882      0.273      0.227   -111.150   -111.110    -74.582    -74.929    -74.684    -74.990
    -98.000    -73.729    -73.971    -73.807    -74.005      0.243      0.198   -113.150   -113.110    -76.636    -76.967    -76.703    -76.998
   -100.000    -74.647    -74.866    -74.742    -74.907      0.220      0.165   -115.150   -115.110    -78.657    -78.981    -78.759    -79.029
   -102.000    -75.322    -75.517    -75.409    -75.562      0.195      0.153   -117.150   -117.110    -80.614    -80.912    -80.693    -80.980
   -104.000    -75.817    -76.012    -75.925    -76.053      0.196      0.128   -119.150   -119.110    -82.579    -82.941    -82.754    -83.001
   -106.000    -76.184    -76.355    -76.276    -76.397      0.171      0.121   -121.150   -121.110    -84.688    -84.972    -84.790    -85.056
   -108.000    -76.417    -76.569    -76.512    -76.610      0.151      0.098   -123.150   -123.110    -86.701    -86.843    -86.844    -86.942
   -110.000    -76.565    -76.730    -76.647    -76.768      0.165      0.121   -125.150   -125.110    -88.619    -88.983    -88.584    -89.053
   -112.000    -76.671    -76.832    -76.768    -76.860      0.160      0.093   -127.150   -127.110    -90.752    -91.121    -91.001    -90.966
   -114.000    -76.739    -76.878    -76.814    -76.927      0.139      0.112   -129.150   -129.110    -92.945    -92.562    -92.445    -93.113
   -116.000    -76.769    -76.929    -76.849    -76.966      0.161      0.117   -131.150   -131.110    -94.370    -95.032    -93.949    -95.143
   -118.000    -76.803    -76.948    -76.901    -76.989      0.145      0.089   -133.150   -133.110    -96.967    -96.471    -98.016    -97.045
   -120.000    -76.815    -76.973    -76.900    -77.002      0.159      0.101   -135.150   -135.110    -98.448    -99.626    -97.965    -98.540
   -122.000    -76.853    -76.986    -76.909    -77.039      0.133      0.131   -137.150   -137.110    -98.448   -103.099    -99.146    -98.540
   -124.000    -76.845    -76.992    -76.932    -77.018      0.147      0.086   -139.150   -139.110    -98.448   -106.261   -109.465    -98.540
   -126.000    -76.832    -76.997    -76.950    -77.035      0.165      0.085   -141.150   -141.110    -98.448   -106.261   -109.465    -98.540
   -128.000    -76.841    -77.006    -76.940    -77.036      0.165      0.096   -143.150   -143.110    -98.448   -106.261   -109.465    -98.540
   -130.000    -76.843    -77.015    -76.927    -77.022      0.172      0.095   -145.150   -145.110    -98.448   -106.261   -109.465    -98.540
   -132.000    -76.859    -77.006    -76.955    -77.046      0.148      0.091   -147.150   -147.110    -98.448   -106.261   -109.465    -98.540
   -134.000    -76.840    -76.996    -76.946    -77.051      0.157      0.105   -149.150   -149.110    -98.448   -106.261   -109.465    -98.540
   -136.000    -76.865    -76.993    -76.944    -77.043      0.129      0.099   -151.150   -151.110    -98.448   -106.261   -109.465    -98.540
   -138.000    -76.855    -77.002    -76.939    -77.027      0.147      0.088   -153.150   -153.110    -98.448   -106.261   -109.465    -98.540
   -140.000    -76.844    -76.998    -76.940    -77.037      0.154      0.097   -155.150   -155.110    -98.448   -106.261   -109.465    -98.540
