     -8.000      8.718      8.723      8.695      8.706     -0.005     -0.011    -23.150    -23.110      8.718      8.723      8.695      8.706
    -10.000      8.451      8.402      8.370      8.354      0.049      0.017    -25.150    -25.110      8.451      8.402      8.370      8.354
    -12.000      7.760      7.647      7.667      7.595      0.113      0.072    -27.150    -27.110      7.760      7.647      7.667      7.595
    -14.000      6.715      6.530      6.609      6.480      0.185      0.130    -29.150    -29.110      6.715      6.530      6.609      6.480
    -16.000      5.013      4.759      4.905      4.721      0.254      0.184    -31.150    -31.110      5.013      4.759      4.905      4.721
    -18.000      3.172      2.905      3.078      2.878      0.267      0.200    -33.150    -33.110      3.172      2.905      3.078      2.878
    -20.000      1.216      0.942      1.131      0.922      0.274      0.209    -35.150    -35.110      1.216      0.942      1.131      0.922
    -22.000     -0.743     -1.022     -0.821     -1.035      0.279      0.214    -37.150    -37.110     -0.743     -1.022     -0.821     -1.035
    -24.000     -2.692     -2.974     -2.766     -2.982      0.281      0.216    -39.150    -39.110     -2.693     -2.974     -2.766     -2.982
    -26.000     -4.700     -4.983     -4.768     -4.986      0.283      0.218    -41.150    -41.110     -4.700     -4.983     -4.768     -4.986
    -28.000     -6.710     -6.994     -6.774     -6.992      0.284      0.218    -43.150    -43.110     -6.710     -6.994     -6.774     -6.992
    -30.000     -8.681     -8.966     -8.743     -8.961      0.285      0.219    -45.150    -45.110     -8.681     -8.966     -8.743     -8.961
    -32.000    -10.679    -10.965    -10.739    -10.958      0.286      0.220    -47.150    -47.110    -10.679    -10.965    -10.739    -10.958
    -34.000    -12.667    -12.954    -12.725    -12.944      0.287      0.220    -49.150    -49.110    -12.667    -12.954    -12.725    -12.944
    -36.000    -14.688    -14.973    -14.742    -14.960      0.286      0.218    -51.150    -51.110    -14.688    -14.973    -14.742    -14.960
    -38.000    -16.644    -16.932    -16.697    -16.916      0.288      0.220    -53.150    -53.110    -16.644    -16.932    -16.697    -16.916
    -40.000    -18.671    -18.960    -18.722    -18.942      0.289      0.220    -55.150    -55.110    -18.671    -18.960    -18.722    -18.942
    -42.000    -20.673    -20.962    -20.723    -20.942      0.289      0.220    -57.150    -57.110    -20.673    -20.962    -20.723    -20.943
    -44.000    -22.655    -22.945    -22.704    -22.923      0.289      0.219    -59.150    -59.110    -22.655    -22.945    -22.704    -22.923
    -46.000    -24.678    -24.964    -24.718    -24.938      0.286      0.220    -61.150    -61.110    -24.678    -24.964    -24.718    -24.938
    -48.000    -26.643    -26.932    -26.687    -26.906      0.289      0.220    -63.150    -63.110    -26.643    -26.932    -26.687    -26.906
    -50.000    -28.668    -28.956    -28.711    -28.930      0.288      0.220    -65.150    -65.110    -28.668    -28.956    -28.711    -28.930
    -52.000    -30.690    -30.979    -30.734    -30.953      0.288      0.219    -67.150    -67.110    -30.691    -30.979    -30.734    -30.953
    -54.000    -32.675    -32.963    -32.717    -32.938      0.289      0.220    -69.150    -69.110    -32.675    -32.963    -32.718    -32.938
    -56.000    -34.697    -34.984    -34.739    -34.959      0.288      0.220    -71.150    -71.110    -34.697    -34.985    -34.739    -34.959
    -58.000    -36.650    -36.938    -36.692    -36.912      0.288      0.220    -73.150    -73.110    -36.650    -36.938    -36.692    -36.912
    -60.000    -38.671    -38.959    -38.712    -38.933      0.287      0.220    -75.150    -75.110    -38.672    -38.959    -38.713    -38.934
    -62.000    -40.692    -40.979    -40.732    -40.954      0.287      0.221    -77.150    -77.110    -40.693    -40.980    -40.733    -40.955
    -64.000    -42.667    -42.954    -42.706    -42.928      0.286      0.223    -79.150    -79.110    -42.669    -42.956    -42.707    -42.930
    -66.000    -44.687    -44.972    -44.728    -44.951      0.285      0.224    -81.150    -81.110    -44.690    -44.975    -44.730    -44.954
    -68.000    -46.639    -46.923    -46.684    -46.909      0.284      0.225    -83.150    -83.110    -46.643    -46.927    -46.688    -46.913
    -70.000    -48.654    -48.937    -48.704    -48.929      0.282      0.225    -85.150    -85.110    -48.661    -48.943    -48.711    -48.936
    -72.000    -50.661    -50.943    -50.722    -50.948      0.282      0.226    -87.150    -87.110    -50.672    -50.954    -50.732    -50.959
    -74.000    -52.621    -52.901    -52.688    -52.915      0.280      0.227    -89.150    -89.110    -52.637    -52.919    -52.704    -52.932
    -76.000    -54.627    -54.905    -54.697    -54.926      0.278      0.229    -91.150    -91.110    -54.653    -54.932    -54.723    -54.953
    -78.000    -56.563    -56.845    -56.638    -56.870      0.282      0.232    -93.150    -93.110    -56.603    -56.887    -56.678    -56.913
    -80.000    -58.565    -58.842    -58.642    -58.870      0.278      0.229    -95.150    -95.110    -58.629    -58.910    -58.706    -58.938
    -82.000    -60.484    -60.754    -60.559    -60.788      0.270      0.229    -97.150    -97.110    -60.585    -60.859    -60.660    -60.894
    -84.000    -62.452    -62.723    -62.533    -62.752      0.271      0.219    -99.150    -99.110    -62.612    -62.890    -62.693    -62.920
    -86.000    -64.387    -64.655    -64.466    -64.692      0.269      0.226   -101.150   -101.110    -64.639    -64.919    -64.719    -64.957
    -88.000    -66.223    -66.483    -66.298    -66.518      0.260      0.221   -103.150   -103.110    -66.614    -66.891    -66.688    -66.928
    -90.000    -68.035    -68.287    -68.114    -68.321      0.252      0.207   -105.150   -105.110    -68.643    -68.921    -68.722    -68.957
    -92.000    -69.713    -69.947    -69.776    -69.962      0.234      0.187   -107.150   -107.110    -70.642    -70.912    -70.699    -70.926
    -94.000    -71.255    -71.478    -71.337    -71.513      0.223      0.177   -109.150   -109.110    -72.648    -72.925    -72.729    -72.967
    -96.000    -72.587    -72.785    -72.662    -72.820      0.198      0.157   -111.150   -111.110    -74.614    -74.882    -74.685    -74.925
    -98.000    -73.242    -73.425    -73.308    -73.470      0.184      0.162   -113.150   -113.110    -75.710    -75.973    -75.765    -76.037
   -100.000    -74.680    -74.823    -74.726    -74.839      0.142      0.112   -115.150   -115.110    -78.702    -78.937    -78.693    -78.946
   -102.000    -75.337    -75.498    -75.425    -75.498      0.162      0.073   -117.150   -117.110    -80.600    -80.954    -80.703    -80.903
   -104.000    -75.858    -75.973    -75.926    -75.990      0.115      0.064   -119.150   -119.110    -82.674    -82.915    -82.690    -82.920
   -106.000    -76.207    -76.323    -76.282    -76.332      0.116      0.050   -121.150   -121.110    -84.687    -85.014    -84.725    -84.955
   -108.000    -76.446    -76.559    -76.518    -76.545      0.113      0.027   -123.150   -123.110    -86.752    -87.170    -86.728    -86.808
   -110.000    -76.599    -76.680    -76.671    -76.698      0.081      0.027   -125.150   -125.110    -88.773    -88.830    -88.683    -88.805
   -112.000    -76.681    -76.781    -76.781    -76.790      0.101      0.009   -127.150   -127.110    -90.359    -90.885    -90.886    -90.625
   -114.000    -76.756    -76.862    -76.857    -76.875      0.106      0.018   -129.150   -129.110    -92.584    -93.682    -93.455    -93.352
   -116.000    -76.798    -76.864    -76.882    -76.896      0.067      0.014   -131.150   -131.110    -94.555    -93.774    -94.770    -94.406
   -118.000    -76.825    -76.937    -76.895    -76.939      0.112      0.043   -133.150   -133.110    -96.636   -101.179    -95.697    -97.875
   -120.000    -76.850    -76.919    -76.934    -76.939      0.069      0.004   -135.150   -135.110   -100.057    -97.888   -100.531    -97.838
   -122.000    -76.864    -76.945    -76.933    -76.948      0.081      0.015   -137.150   -137.110   -104.793   -103.841   -100.243    -99.231
   -124.000    -76.857    -76.951    -76.941    -76.972      0.093      0.031   -139.150   -139.110   -101.842   -108.301   -102.351   -109.828
   -126.000    -76.861    -76.971    -76.958    -76.984      0.110      0.026   -141.150   -141.110   -103.114   -108.301   -102.351   -109.828
   -128.000    -76.875    -76.947    -76.961    -76.969      0.071      0.007   -143.150   -143.110   -103.114   -108.301   -102.351   -109.828
   -130.000    -76.875    -76.949    -76.959    -76.983      0.074      0.024   -145.150   -145.110   -103.114   -108.301   -102.351   -109.828
   -132.000    -76.883    -76.963    -76.952    -76.993      0.080      0.041   -147.150   -147.110   -103.114   -108.301   -102.351   -109.828
   -134.000    -76.880    -76.972    -76.959    -76.981      0.091      0.022   -149.150   -149.110   -103.114   -108.301   -102.351   -109.828
   -136.000    -76.887    -76.958    -76.966    -76.982      0.071      0.016   -151.150   -151.110   -103.114   -108.301   -102.351   -109.828
   -138.000    -76.883    -76.971    -76.966    -76.993      0.088      0.026   -153.150   -153.110   -103.114   -108.301   -102.351   -109.828
   -140.000    -76.865    -76.947    -76.955    -76.970      0.082      0.015   -155.150   -155.110   -103.114   -108.301   -102.351   -109.828
