    -14.000      6.797      6.575      6.679      6.511      0.222      0.168    -29.150    -29.110      6.797      6.575      6.679      6.511
    -16.000      5.111      4.803      4.987      4.751      0.308      0.236    -31.150    -31.110      5.111      4.803      4.987      4.751
    -18.000      3.264      2.943      3.157      2.904      0.321      0.253    -33.150    -33.110      3.264      2.943      3.157      2.904
    -20.000      1.306      0.977      1.210      0.947      0.330      0.263    -35.150    -35.110      1.306      0.977      1.210      0.947
    -22.000     -0.654     -0.988     -0.743     -1.012      0.334      0.268    -37.150    -37.110     -0.654     -0.988     -0.743     -1.012
    -24.000     -2.606     -2.943     -2.690     -2.961      0.337      0.271    -39.150    -39.110     -2.606     -2.943     -2.690     -2.961
    -26.000     -4.615     -4.953     -4.693     -4.965      0.338      0.272    -41.150    -41.110     -4.615     -4.953     -4.693     -4.965
    -28.000     -6.624     -6.963     -6.698     -6.972      0.340      0.274    -43.150    -43.110     -6.624     -6.963     -6.698     -6.972
    -30.000     -8.598     -8.939     -8.670     -8.944      0.341      0.274    -45.150    -45.110     -8.598     -8.939     -8.670     -8.944
    -32.000     -9.471     -9.806     -9.536     -9.817      0.335      0.280    -47.150    -47.110     -9.471     -9.806     -9.536     -9.817
    -34.000    -12.588    -12.931    -12.656    -12.931      0.343      0.275    -49.150    -49.110    -12.589    -12.931    -12.656    -12.931
    -36.000    -14.609    -14.950    -14.673    -14.947      0.341      0.273    -51.150    -51.110    -14.609    -14.950    -14.673    -14.947
    -38.000    -16.568    -16.912    -16.630    -16.906      0.344      0.275    -53.150    -53.110    -16.568    -16.912    -16.630    -16.906
    -40.000    -18.595    -18.939    -18.656    -18.931      0.345      0.275    -55.150    -55.110    -18.595    -18.939    -18.656    -18.931
    -42.000    -20.597    -20.942    -20.657    -20.932      0.344      0.275    -57.150    -57.110    -20.597    -20.942    -20.657    -20.932
    -44.000    -22.582    -22.927    -22.640    -22.915      0.345      0.275    -59.150    -59.110    -22.582    -22.927    -22.640    -22.915
    -46.000    -24.606    -24.948    -24.655    -24.930      0.341      0.275    -61.150    -61.110    -24.606    -24.948    -24.655    -24.930
    -48.000    -26.573    -26.918    -26.626    -26.902      0.345      0.275    -63.150    -63.110    -26.573    -26.918    -26.626    -26.902
    -50.000    -28.598    -28.942    -28.651    -28.926      0.344      0.275    -65.150    -65.110    -28.598    -28.942    -28.651    -28.926
    -52.000    -30.621    -30.965    -30.673    -30.948      0.344      0.275    -67.150    -67.110    -30.621    -30.965    -30.674    -30.949
    -54.000    -32.610    -32.954    -32.662    -32.938      0.344      0.276    -69.150    -69.110    -32.610    -32.955    -32.662    -32.938
    -56.000    -34.631    -34.975    -34.682    -34.958      0.344      0.276    -71.150    -71.110    -34.631    -34.976    -34.683    -34.959
    -58.000    -36.588    -36.932    -36.639    -36.915      0.344      0.276    -73.150    -73.110    -36.588    -36.933    -36.639    -36.915
    -60.000    -38.609    -38.953    -38.660    -38.936      0.344      0.277    -75.150    -75.110    -38.610    -38.954    -38.660    -38.937
    -62.000    -40.631    -40.974    -40.678    -40.956      0.344      0.279    -77.150    -77.110    -40.632    -40.975    -40.679    -40.957
    -64.000    -42.608    -42.952    -42.655    -42.933      0.344      0.278    -79.150    -79.110    -42.610    -42.954    -42.657    -42.935
    -66.000    -44.627    -44.970    -44.676    -44.956      0.342      0.280    -81.150    -81.110    -44.630    -44.972    -44.679    -44.959
    -68.000    -46.583    -46.924    -46.638    -46.919      0.341      0.281    -83.150    -83.110    -46.587    -46.928    -46.642    -46.923
    -70.000    -48.598    -48.938    -48.659    -48.942      0.340      0.283    -85.150    -85.110    -48.604    -48.945    -48.665    -48.949
    -72.000    -50.604    -50.943    -50.674    -50.960      0.339      0.285    -87.150    -87.110    -50.615    -50.954    -50.685    -50.970
    -74.000    -52.567    -52.906    -52.646    -52.932      0.339      0.286    -89.150    -89.110    -52.583    -52.923    -52.662    -52.949
    -76.000    -54.572    -54.909    -54.653    -54.943      0.337      0.290    -91.150    -91.110    -54.598    -54.936    -54.679    -54.970
    -78.000    -56.514    -56.851    -56.599    -56.886      0.338      0.287    -93.150    -93.110    -56.554    -56.894    -56.639    -56.928
    -80.000    -57.584    -57.911    -57.663    -57.959      0.328      0.295    -95.150    -95.110    -57.636    -57.965    -57.715    -58.013
    -82.000    -60.431    -60.766    -60.520    -60.813      0.335      0.294    -97.150    -97.110    -60.532    -60.871    -60.620    -60.919
    -84.000    -62.406    -62.736    -62.498    -62.781      0.330      0.283    -99.150    -99.110    -62.565    -62.902    -62.657    -62.948
    -86.000    -64.341    -64.665    -64.431    -64.710      0.324      0.279   -101.150   -101.110    -64.592    -64.926    -64.683    -64.973
    -88.000    -66.178    -66.501    -66.267    -66.538      0.324      0.271   -103.150   -103.110    -66.568    -66.908    -66.658    -66.946
    -90.000    -67.988    -68.299    -68.075    -68.345      0.311      0.270   -105.150   -105.110    -68.594    -68.930    -68.682    -68.978
    -92.000    -69.645    -69.959    -69.752    -69.991      0.313      0.239   -107.150   -107.110    -70.565    -70.917    -70.677    -70.951
    -94.000    -71.202    -71.499    -71.300    -71.534      0.297      0.233   -109.150   -109.110    -72.587    -72.939    -72.691    -72.977
    -96.000    -72.539    -72.817    -72.632    -72.838      0.278      0.206   -111.150   -111.110    -74.556    -74.909    -74.654    -74.928
    -98.000    -73.711    -73.963    -73.780    -73.985      0.251      0.205   -113.150   -113.110    -76.607    -76.953    -76.660    -76.972
   -100.000    -74.620    -74.848    -74.724    -74.880      0.228      0.156   -115.150   -115.110    -78.600    -78.942    -78.732    -78.983
   -102.000    -75.305    -75.504    -75.381    -75.541      0.199      0.160   -117.150   -117.110    -80.570    -80.878    -80.625    -80.943
   -104.000    -75.840    -76.000    -75.901    -76.037      0.159      0.135   -119.150   -119.110    -82.714    -82.895    -82.683    -82.978
   -106.000    -76.163    -76.353    -76.252    -76.382      0.190      0.129   -121.150   -121.110    -84.579    -84.989    -84.691    -85.036
   -108.000    -76.396    -76.572    -76.506    -76.610      0.176      0.103   -123.150   -123.110    -86.533    -86.920    -86.884    -87.079
   -110.000    -76.576    -76.725    -76.656    -76.761      0.148      0.105   -125.150   -125.110    -88.891    -88.955    -88.894    -89.172
   -112.000    -76.654    -76.829    -76.742    -76.854      0.175      0.113   -127.150   -127.110    -90.453    -91.156    -90.600    -91.172
   -114.000    -76.733    -76.884    -76.815    -76.907      0.151      0.092   -129.150   -129.110    -92.929    -92.950    -92.882    -92.873
   -116.000    -76.762    -76.921    -76.859    -76.947      0.159      0.087   -131.150   -131.110    -94.316    -94.762    -95.155    -94.814
   -118.000    -76.806    -76.947    -76.895    -76.983      0.141      0.088   -133.150   -133.110    -98.022    -96.769    -98.726    -97.944
   -120.000    -76.823    -76.968    -76.903    -76.988      0.145      0.085   -135.150   -135.110   -101.237    -99.487   -100.031    -98.588
   -122.000    -76.845    -76.982    -76.915    -77.006      0.138      0.091   -137.150   -137.110   -101.237   -103.200   -103.667   -102.438
   -124.000    -76.842    -76.991    -76.914    -77.018      0.149      0.104   -139.150   -139.110   -101.237   -110.847   -103.348   -102.438
   -126.000    -76.841    -77.007    -76.914    -77.029      0.166      0.115   -141.150   -141.110   -101.237   -110.847   -103.176   -102.438
   -128.000    -76.828    -76.978    -76.933    -77.017      0.150      0.083   -143.150   -143.110   -101.237   -110.847   -103.176   -102.438
   -130.000    -76.841    -77.007    -76.929    -77.019      0.166      0.091   -145.150   -145.110   -101.237   -110.847   -103.176   -102.438
   -132.000    -76.829    -77.005    -76.950    -77.025      0.176      0.075   -147.150   -147.110   -101.237   -110.847   -103.176   -102.438
   -134.000    -76.847    -76.984    -76.927    -77.021      0.137      0.094   -149.150   -149.110   -101.237   -110.847   -103.176   -102.438
   -136.000    -76.847    -77.014    -76.924    -77.024      0.167      0.100   -151.150   -151.110   -101.237   -110.847   -103.176   -102.438
   -138.000    -76.841    -76.995    -76.933    -77.030      0.154      0.096   -153.150   -153.110   -101.237   -110.847   -103.176   -102.438
   -140.000    -76.844    -76.988    -76.921    -77.022      0.145      0.101   -155.150   -155.110   -101.237   -110.847   -103.176   -102.438
