    -14.000      6.790      6.559      6.665      6.499      0.230      0.165    -29.150    -29.110      6.789      6.559      6.665      6.499
    -16.000      5.096      4.787      4.973      4.736      0.309      0.237    -31.150    -31.110      5.095      4.787      4.973      4.736
    -18.000      3.249      2.927      3.142      2.888      0.322      0.254    -33.150    -33.110      3.249      2.927      3.142      2.888
    -20.000      1.291      0.961      1.195      0.931      0.330      0.264    -35.150    -35.110      1.291      0.961      1.195      0.931
    -22.000     -0.669     -1.004     -0.758     -1.027      0.335      0.269    -37.150    -37.110     -0.669     -1.004     -0.758     -1.027
    -24.000     -2.622     -2.959     -2.705     -2.976      0.337      0.271    -39.150    -39.110     -2.622     -2.959     -2.705     -2.976
    -26.000     -4.630     -4.969     -4.708     -4.981      0.339      0.273    -41.150    -41.110     -4.630     -4.969     -4.708     -4.981
    -28.000     -6.639     -6.980     -6.714     -6.988      0.340      0.274    -43.150    -43.110     -6.640     -6.980     -6.714     -6.988
    -30.000     -8.614     -8.955     -8.685     -8.960      0.341      0.275    -45.150    -45.110     -8.614     -8.955     -8.685     -8.960
    -32.000    -10.612    -10.954    -10.681    -10.957      0.343      0.276    -47.150    -47.110    -10.612    -10.955    -10.681    -10.957
    -34.000    -12.604    -12.947    -12.671    -12.947      0.343      0.276    -49.150    -49.110    -12.604    -12.947    -12.671    -12.947
    -36.000    -14.624    -14.966    -14.688    -14.962      0.342      0.274    -51.150    -51.110    -14.624    -14.966    -14.688    -14.962
    -38.000    -16.583    -16.928    -16.646    -16.922      0.345      0.276    -53.150    -53.110    -16.583    -16.928    -16.646    -16.922
    -40.000    -18.610    -18.955    -18.671    -18.947      0.345      0.276    -55.150    -55.110    -18.610    -18.955    -18.671    -18.947
    -42.000    -20.612    -20.958    -20.672    -20.948      0.345      0.276    -57.150    -57.110    -20.612    -20.958    -20.672    -20.948
    -44.000    -22.598    -22.943    -22.656    -22.931      0.346      0.275    -59.150    -59.110    -22.598    -22.943    -22.656    -22.931
    -46.000    -24.621    -24.963    -24.670    -24.945      0.342      0.276    -61.150    -61.110    -24.621    -24.963    -24.670    -24.945
    -48.000    -26.517    -26.851    -26.558    -26.846      0.334      0.287    -63.150    -63.110    -26.517    -26.851    -26.559    -26.846
    -50.000    -28.614    -28.959    -28.666    -28.942      0.345      0.276    -65.150    -65.110    -28.614    -28.959    -28.667    -28.942
    -52.000    -30.636    -30.981    -30.689    -30.964      0.345      0.275    -67.150    -67.110    -30.637    -30.981    -30.689    -30.964
    -54.000    -32.626    -32.971    -32.677    -32.953      0.345      0.276    -69.150    -69.110    -32.626    -32.971    -32.677    -32.954
    -56.000    -34.647    -34.991    -34.698    -34.974      0.344      0.276    -71.150    -71.110    -34.647    -34.992    -34.698    -34.974
    -58.000    -36.604    -36.948    -36.654    -36.931      0.345      0.276    -73.150    -73.110    -36.604    -36.949    -36.655    -36.931
    -60.000    -38.625    -38.969    -38.675    -38.952      0.344      0.277    -75.150    -75.110    -38.626    -38.970    -38.676    -38.952
    -62.000    -40.646    -40.990    -40.694    -40.972      0.344      0.278    -77.150    -77.110    -40.647    -40.991    -40.695    -40.973
    -64.000    -42.623    -42.968    -42.670    -42.949      0.345      0.279    -79.150    -79.110    -42.625    -42.970    -42.672    -42.950
    -66.000    -44.643    -44.985    -44.691    -44.972      0.342      0.280    -81.150    -81.110    -44.646    -44.988    -44.694    -44.975
    -68.000    -46.598    -46.940    -46.654    -46.934      0.342      0.280    -83.150    -83.110    -46.603    -46.944    -46.658    -46.938
    -70.000    -48.613    -48.954    -48.673    -48.956      0.340      0.283    -85.150    -85.110    -48.620    -48.961    -48.680    -48.963
    -72.000    -50.620    -50.960    -50.688    -50.974      0.340      0.285    -87.150    -87.110    -50.630    -50.970    -50.699    -50.985
    -74.000    -52.582    -52.921    -52.659    -52.947      0.339      0.288    -89.150    -89.110    -52.598    -52.938    -52.675    -52.964
    -76.000    -54.586    -54.922    -54.666    -54.957      0.336      0.291    -91.150    -91.110    -54.612    -54.949    -54.692    -54.984
    -78.000    -56.525    -56.864    -56.612    -56.904      0.339      0.292    -93.150    -93.110    -56.566    -56.906    -56.653    -56.947
    -80.000    -58.528    -58.860    -58.615    -58.906      0.332      0.291    -95.150    -95.110    -58.592    -58.927    -58.680    -58.974
    -82.000    -60.441    -60.782    -60.536    -60.826      0.341      0.290    -97.150    -97.110    -60.542    -60.887    -60.637    -60.932
    -84.000    -62.421    -62.748    -62.510    -62.794      0.328      0.284    -99.150    -99.110    -62.581    -62.915    -62.670    -62.961
    -86.000    -64.350    -64.679    -64.443    -64.722      0.329      0.280   -101.150   -101.110    -64.602    -64.942    -64.695    -64.986
    -88.000    -66.188    -66.510    -66.285    -66.553      0.322      0.268   -103.150   -103.110    -66.579    -66.918    -66.677    -66.962
    -90.000    -67.998    -68.314    -68.094    -68.349      0.315      0.255   -105.150   -105.110    -68.606    -68.946    -68.703    -68.984
    -92.000    -69.655    -69.966    -69.760    -70.010      0.311      0.249   -107.150   -107.110    -70.578    -70.926    -70.686    -70.975
    -94.000    -71.219    -71.518    -71.319    -71.553      0.299      0.234   -109.150   -109.110    -72.611    -72.966    -72.716    -73.005
    -96.000    -71.919    -72.181    -71.999    -72.237      0.262      0.239   -111.150   -111.110    -73.608    -73.922    -73.683    -73.994
    -98.000    -73.711    -73.963    -73.808    -73.990      0.252      0.183   -113.150   -113.110    -76.608    -76.954    -76.712    -76.984
   -100.000    -74.617    -74.876    -74.721    -74.859      0.260      0.138   -115.150   -115.110    -78.592    -79.012    -78.720    -78.929
   -102.000    -75.315    -75.496    -75.412    -75.551      0.181      0.139   -117.150   -117.110    -80.606    -80.849    -80.722    -80.980
   -104.000    -75.829    -76.006    -75.905    -76.036      0.177      0.130   -119.150   -119.110    -82.665    -82.926    -82.692    -82.975
   -106.000    -76.188    -76.344    -76.267    -76.396      0.156      0.128   -121.150   -121.110    -84.757    -84.918    -84.780    -85.145
   -108.000    -76.409    -76.584    -76.507    -76.605      0.174      0.098   -123.150   -123.110    -86.681    -87.045    -86.866    -87.034
   -110.000    -76.563    -76.716    -76.653    -76.762      0.153      0.109   -125.150   -125.110    -88.690    -88.815    -88.792    -89.198
   -112.000    -76.678    -76.828    -76.764    -76.852      0.150      0.089   -127.150   -127.110    -91.094    -91.112    -91.102    -91.132
   -114.000    -76.734    -76.894    -76.824    -76.897      0.161      0.073   -129.150   -129.110    -93.001    -93.389    -93.127    -92.532
   -116.000    -76.775    -76.918    -76.864    -76.946      0.143      0.082   -131.150   -131.110    -95.231    -94.596    -95.297    -94.792
   -118.000    -76.801    -76.960    -76.883    -76.981      0.159      0.098   -133.150   -133.110    -97.609    -98.187    -96.863    -97.754
   -120.000    -76.835    -76.977    -76.909    -76.989      0.141      0.080   -135.150   -135.110   -109.764   -101.277   -100.829    -98.864
   -122.000    -76.838    -76.981    -76.912    -77.003      0.142      0.091   -137.150   -137.110   -109.764   -102.443   -101.700   -101.897
   -124.000    -76.830    -76.980    -76.917    -77.021      0.150      0.104   -139.150   -139.110   -109.764   -102.105   -103.594   -101.897
   -126.000    -76.828    -76.999    -76.937    -77.013      0.171      0.076   -141.150   -141.110   -109.764   -102.105   -103.594   -101.897
   -128.000    -76.837    -76.995    -76.924    -77.018      0.158      0.094   -143.150   -143.110   -109.764   -102.105   -103.594   -101.897
   -130.000    -76.846    -76.992    -76.916    -77.012      0.146      0.096   -145.150   -145.110   -109.764   -102.105   -103.594   -101.897
   -132.000    -76.844    -76.999    -76.925    -77.032      0.155      0.107   -147.150   -147.110   -109.764   -102.105   -103.594   -101.897
   -134.000    -76.846    -76.999    -76.923    -77.024      0.153      0.101   -149.150   -149.110   -109.764   -102.105   -103.594   -101.897
   -136.000    -76.833    -76.998    -76.942    -77.034      0.166      0.091   -151.150   -151.110   -109.764   -102.105   -103.594   -101.897
   -138.000    -76.846    -76.999    -76.942    -77.034      0.152      0.092   -153.150   -153.110   -109.764   -102.105   -103.594   -101.897
   -140.000    -76.830    -77.005    -76.946    -77.012      0.175      0.066   -155.150   -155.110   -109.764   -102.105   -103.594   -101.897
