    -14.000      6.769      6.551      6.650      6.496      0.218      0.154    -29.150    -29.110      6.769      6.551      6.650      6.496
    -16.000      5.071      4.775      4.955      4.734      0.295      0.220    -31.150    -31.110      5.070      4.775      4.955      4.734
    -18.000      3.223      2.914      3.123      2.887      0.308      0.236    -33.150    -33.110      3.223      2.914      3.123      2.887
    -20.000      1.265      0.949      1.176      0.930      0.316      0.246    -35.150    -35.110      1.265      0.949      1.176      0.930
    -22.000     -0.696     -1.016     -0.777     -1.028      0.320      0.251    -37.150    -37.110     -0.696     -1.016     -0.777     -1.028
    -24.000     -2.648     -2.971     -2.724     -2.978      0.323      0.253    -39.150    -39.110     -2.648     -2.971     -2.724     -2.978
    -26.000     -4.656     -4.981     -4.727     -4.982      0.324      0.255    -41.150    -41.110     -4.656     -4.981     -4.727     -4.982
    -28.000     -6.667     -6.992     -6.734     -6.989      0.325      0.255    -43.150    -43.110     -6.667     -6.992     -6.734     -6.989
    -30.000     -8.642     -8.968     -8.706     -8.962      0.327      0.256    -45.150    -45.110     -8.642     -8.968     -8.706     -8.962
    -32.000    -10.639    -10.967    -10.701    -10.959      0.328      0.257    -47.150    -47.110    -10.640    -10.968    -10.702    -10.959
    -34.000    -12.632    -12.961    -12.692    -12.949      0.329      0.257    -49.150    -49.110    -12.632    -12.961    -12.692    -12.949
    -36.000    -14.653    -14.980    -14.709    -14.965      0.327      0.256    -51.150    -51.110    -14.653    -14.980    -14.709    -14.965
    -38.000    -16.613    -16.943    -16.667    -16.925      0.330      0.257    -53.150    -53.110    -16.613    -16.943    -16.667    -16.925
    -40.000    -18.640    -18.970    -18.693    -18.950      0.331      0.257    -55.150    -55.110    -18.640    -18.970    -18.693    -18.950
    -42.000    -20.642    -20.973    -20.694    -20.951      0.331      0.257    -57.150    -57.110    -20.642    -20.973    -20.694    -20.951
    -44.000    -22.628    -22.959    -22.678    -22.934      0.331      0.256    -59.150    -59.110    -22.628    -22.959    -22.678    -22.935
    -46.000    -24.651    -24.978    -24.693    -24.950      0.328      0.257    -61.150    -61.110    -24.651    -24.978    -24.693    -24.950
    -48.000    -26.619    -26.950    -26.665    -26.922      0.331      0.257    -63.150    -63.110    -26.619    -26.950    -26.665    -26.922
    -50.000    -28.644    -28.974    -28.689    -28.947      0.330      0.257    -65.150    -65.110    -28.644    -28.974    -28.690    -28.947
    -52.000    -30.667    -30.997    -30.712    -30.969      0.330      0.257    -67.150    -67.110    -30.667    -30.997    -30.712    -30.969
    -54.000    -32.664    -32.988    -32.703    -32.967      0.324      0.264    -69.150    -69.110    -32.664    -32.988    -32.703    -32.967
    -56.000    -34.679    -35.009    -34.723    -34.981      0.330      0.258    -71.150    -71.110    -34.679    -35.009    -34.723    -34.982
    -58.000    -36.636    -36.966    -36.680    -36.938      0.330      0.258    -73.150    -73.110    -36.637    -36.967    -36.681    -36.938
    -60.000    -38.657    -38.987    -38.700    -38.959      0.330      0.258    -75.150    -75.110    -38.658    -38.988    -38.701    -38.960
    -62.000    -40.679    -41.009    -40.720    -40.980      0.330      0.260    -77.150    -77.110    -40.680    -41.010    -40.721    -40.981
    -64.000    -42.657    -42.987    -42.697    -42.958      0.330      0.261    -79.150    -79.110    -42.659    -42.989    -42.698    -42.960
    -66.000    -44.678    -45.005    -44.718    -44.980      0.328      0.262    -81.150    -81.110    -44.680    -45.008    -44.721    -44.983
    -68.000    -46.634    -46.962    -46.680    -46.943      0.328      0.264    -83.150    -83.110    -46.638    -46.966    -46.684    -46.948
    -70.000    -48.647    -48.974    -48.700    -48.964      0.327      0.264    -85.150    -85.110    -48.653    -48.981    -48.707    -48.971
    -72.000    -50.655    -50.980    -50.714    -50.983      0.325      0.268    -87.150    -87.110    -50.665    -50.991    -50.725    -50.994
    -74.000    -52.618    -52.941    -52.684    -52.954      0.323      0.270    -89.150    -89.110    -52.635    -52.959    -52.701    -52.971
    -76.000    -54.621    -54.947    -54.693    -54.964      0.325      0.271    -91.150    -91.110    -54.648    -54.974    -54.719    -54.991
    -78.000    -56.563    -56.888    -56.639    -56.909      0.325      0.270    -93.150    -93.110    -56.604    -56.931    -56.680    -56.952
    -80.000    -58.564    -58.887    -58.645    -58.914      0.322      0.269    -95.150    -95.110    -58.630    -58.955    -58.710    -58.982
    -82.000    -60.486    -60.801    -60.565    -60.834      0.315      0.270    -97.150    -97.110    -60.588    -60.907    -60.667    -60.941
    -84.000    -62.454    -62.777    -62.542    -62.802      0.322      0.259    -99.150    -99.110    -62.616    -62.946    -62.704    -62.970
    -86.000    -64.391    -64.701    -64.472    -64.735      0.310      0.264   -101.150   -101.110    -64.646    -64.967    -64.727    -65.001
    -88.000    -66.230    -66.533    -66.311    -66.561      0.303      0.251   -103.150   -103.110    -66.627    -66.946    -66.707    -66.973
    -90.000    -68.035    -68.342    -68.125    -68.374      0.307      0.249   -105.150   -105.110    -68.650    -68.983    -68.741    -69.015
    -92.000    -69.691    -69.983    -69.772    -70.014      0.292      0.242   -107.150   -107.110    -70.626    -70.954    -70.706    -70.985
    -94.000    -71.246    -71.527    -71.317    -71.556      0.281      0.239   -109.150   -109.110    -72.655    -72.990    -72.720    -73.018
    -96.000    -72.558    -72.821    -72.657    -72.844      0.263      0.187   -111.150   -111.110    -74.596    -74.933    -74.705    -74.952
    -98.000    -73.715    -73.950    -73.799    -73.985      0.236      0.185   -113.150   -113.110    -76.630    -76.956    -76.716    -76.994
   -100.000    -74.642    -74.861    -74.719    -74.890      0.219      0.172   -115.150   -115.110    -78.678    -79.017    -78.745    -79.044
   -102.000    -75.318    -75.507    -75.399    -75.560      0.189      0.160   -117.150   -117.110    -80.654    -80.957    -80.728    -81.063
   -104.000    -75.830    -75.987    -75.902    -76.039      0.156      0.136   -119.150   -119.110    -82.729    -82.938    -82.756    -83.076
   -106.000    -76.168    -76.353    -76.245    -76.357      0.184      0.111   -121.150   -121.110    -84.710    -85.160    -84.750    -84.994
   -108.000    -76.379    -76.570    -76.468    -76.570      0.191      0.103   -123.150   -123.110    -86.503    -87.172    -86.644    -86.868
   -110.000    -76.540    -76.698    -76.637    -76.744      0.159      0.107   -125.150   -125.110    -88.541    -88.943    -88.852    -89.233
   -112.000    -76.665    -76.800    -76.744    -76.831      0.135      0.087   -127.150   -127.110    -91.153    -91.071    -91.095    -91.115
   -114.000    -76.711    -76.865    -76.789    -76.897      0.154      0.109   -129.150   -129.110    -92.670    -93.295    -92.530    -93.384
   -116.000    -76.758    -76.916    -76.842    -76.925      0.158      0.082   -131.150   -131.110    -95.069    -96.386    -95.193    -94.805
   -118.000    -76.780    -76.932    -76.874    -76.970      0.152      0.096   -133.150   -133.110    -96.910    -98.083    -98.209    -99.272
   -120.000    -76.798    -76.952    -76.888    -76.983      0.154      0.096   -135.150   -135.110    -99.233   -102.182   -100.637   -102.351
   -122.000    -76.805    -76.958    -76.890    -76.993      0.153      0.103   -137.150   -137.110   -100.847   -104.860   -101.302   -108.843
   -124.000    -76.810    -76.962    -76.903    -76.997      0.153      0.094   -139.150   -139.110   -102.069   -108.503   -108.578   -108.843
   -126.000    -76.810    -76.970    -76.892    -77.001      0.160      0.109   -141.150   -141.110   -102.069   -108.503   -101.830   -108.843
   -128.000    -76.829    -76.970    -76.913    -76.986      0.141      0.073   -143.150   -143.110   -102.069   -108.503   -101.830   -108.843
   -130.000    -76.824    -76.964    -76.912    -76.984      0.140      0.071   -145.150   -145.110   -102.069   -108.503   -101.830   -108.843
   -132.000    -76.853    -76.975    -76.921    -77.004      0.122      0.083   -147.150   -147.110   -102.069   -108.503   -101.830   -108.843
   -134.000    -76.822    -76.970    -76.925    -77.008      0.148      0.082   -149.150   -149.110   -102.069   -108.503   -101.830   -108.843
   -136.000    -76.816    -76.956    -76.895    -76.993      0.140      0.098   -151.150   -151.110   -102.069   -108.503   -101.830   -108.843
   -138.000    -76.853    -76.981    -76.908    -77.001      0.128      0.093   -153.150   -153.110   -102.069   -108.503   -101.830   -108.843
   -140.000    -76.830    -76.959    -76.919    -77.005      0.130      0.086   -155.150   -155.110   -102.069   -108.503   -101.830   -108.843
