    -14.000      6.315      6.125      6.192      6.062      0.190      0.130    -29.150    -29.110      6.315      6.125      6.192      6.062
    -16.000      4.495      4.264      4.384      4.218      0.231      0.165    -31.150    -31.110      4.495      4.264      4.384      4.218
    -18.000      2.636      2.395      2.540      2.361      0.242      0.179    -33.150    -33.110      2.636      2.395      2.540      2.361
    -20.000      0.673      0.425      0.588      0.400      0.248      0.188    -35.150    -35.110      0.673      0.425      0.588      0.400
    -22.000     -1.309     -1.561     -1.388     -1.580      0.252      0.192    -37.150    -37.110     -1.309     -1.561     -1.388     -1.580
    -24.000     -2.425     -2.682     -2.504     -2.694      0.256      0.190    -39.150    -39.110     -2.425     -2.682     -2.504     -2.694
    -26.000     -5.240     -5.496     -5.309     -5.504      0.255      0.195    -41.150    -41.110     -5.240     -5.496     -5.309     -5.504
    -28.000     -7.247     -7.504     -7.312     -7.508      0.256      0.196    -43.150    -43.110     -7.247     -7.504     -7.312     -7.508
    -30.000     -9.216     -9.474     -9.279     -9.475      0.258      0.197    -45.150    -45.110     -9.216     -9.474     -9.279     -9.475
    -32.000    -11.232    -11.492    -11.293    -11.490      0.259      0.197    -47.150    -47.110    -11.232    -11.492    -11.293    -11.490
    -34.000    -13.198    -13.458    -13.256    -13.453      0.260      0.197    -49.150    -49.110    -13.198    -13.458    -13.256    -13.453
    -36.000    -15.211    -15.472    -15.267    -15.464      0.261      0.197    -51.150    -51.110    -15.211    -15.472    -15.267    -15.464
    -38.000    -17.167    -17.430    -17.221    -17.419      0.262      0.198    -53.150    -53.110    -17.167    -17.430    -17.221    -17.419
    -40.000    -19.190    -19.453    -19.242    -19.440      0.263      0.198    -55.150    -55.110    -19.190    -19.453    -19.242    -19.440
    -42.000    -21.208    -21.471    -21.259    -21.457      0.263      0.198    -57.150    -57.110    -21.208    -21.471    -21.259    -21.457
    -44.000    -23.183    -23.447    -23.230    -23.427      0.264      0.197    -59.150    -59.110    -23.183    -23.447    -23.230    -23.427
    -46.000    -25.176    -25.439    -25.222    -25.420      0.263      0.198    -61.150    -61.110    -25.176    -25.439    -25.222    -25.420
    -48.000    -27.142    -27.405    -27.188    -27.385      0.263      0.198    -63.150    -63.110    -27.142    -27.405    -27.188    -27.385
    -50.000    -29.163    -29.425    -29.208    -29.406      0.263      0.198    -65.150    -65.110    -29.163    -29.425    -29.208    -29.406
    -52.000    -31.180    -31.443    -31.226    -31.423      0.262      0.198    -67.150    -67.110    -31.180    -31.443    -31.226    -31.423
    -54.000    -33.191    -33.454    -33.237    -33.435      0.262      0.198    -69.150    -69.110    -33.191    -33.454    -33.237    -33.435
    -56.000    -35.209    -35.471    -35.253    -35.452      0.263      0.199    -71.150    -71.110    -35.209    -35.471    -35.253    -35.452
    -58.000    -37.160    -37.422    -37.203    -37.402      0.262      0.198    -73.150    -73.110    -37.160    -37.422    -37.204    -37.402
    -60.000    -39.178    -39.440    -39.220    -39.419      0.261      0.199    -75.150    -75.110    -39.179    -39.440    -39.220    -39.419
    -62.000    -41.196    -41.457    -41.236    -41.435      0.261      0.200    -77.150    -77.110    -41.197    -41.458    -41.236    -41.436
    -64.000    -43.141    -43.402    -43.180    -43.380      0.261      0.200    -79.150    -79.110    -43.142    -43.404    -43.182    -43.382
    -66.000    -45.156    -45.415    -45.198    -45.399      0.259      0.201    -81.150    -81.110    -45.158    -45.417    -45.200    -45.401
    -68.000    -47.106    -47.364    -47.151    -47.352      0.258      0.201    -83.150    -83.110    -47.109    -47.367    -47.154    -47.356
    -70.000    -49.115    -49.372    -49.164    -49.367      0.256      0.203    -85.150    -85.110    -49.121    -49.378    -49.169    -49.373
    -72.000    -50.889    -51.152    -50.950    -51.148      0.264      0.198    -87.150    -87.110    -50.897    -51.161    -50.958    -51.156
    -74.000    -53.075    -53.329    -53.133    -53.339      0.254      0.205    -89.150    -89.110    -53.088    -53.343    -53.147    -53.353
    -76.000    -55.076    -55.331    -55.136    -55.345      0.255      0.209    -91.150    -91.110    -55.097    -55.353    -55.158    -55.368
    -78.000    -57.013    -57.269    -57.078    -57.286      0.256      0.208    -93.150    -93.110    -57.047    -57.305    -57.112    -57.321
    -80.000    -59.019    -59.270    -59.082    -59.290      0.252      0.208    -95.150    -95.110    -59.072    -59.326    -59.135    -59.346
    -82.000    -60.952    -61.204    -61.017    -61.221      0.252      0.204    -97.150    -97.110    -61.036    -61.292    -61.101    -61.309
    -84.000    -62.929    -63.178    -62.996    -63.198      0.250      0.202    -99.150    -99.110    -63.061    -63.317    -63.128    -63.337
    -86.000    -64.858    -65.102    -64.922    -65.118      0.243      0.196   -101.150   -101.110    -65.066    -65.320    -65.130    -65.337
    -88.000    -66.731    -66.975    -66.798    -66.982      0.244      0.184   -103.150   -103.110    -67.055    -67.316    -67.123    -67.323
    -90.000    -68.567    -68.805    -68.640    -68.817      0.238      0.177   -105.150   -105.110    -69.072    -69.336    -69.147    -69.348
    -92.000    -70.293    -70.509    -70.341    -70.525      0.216      0.184   -107.150   -107.110    -71.068    -71.319    -71.114    -71.338
    -94.000    -71.928    -72.119    -71.969    -72.142      0.191      0.173   -109.150   -109.110    -73.109    -73.349    -73.145    -73.379
    -96.000    -73.310    -73.496    -73.379    -73.505      0.186      0.126   -111.150   -111.110    -75.031    -75.291    -75.108    -75.304
    -98.000    -74.568    -74.719    -74.631    -74.761      0.151      0.131   -113.150   -113.110    -77.065    -77.305    -77.133    -77.380
   -100.000    -75.592    -75.724    -75.658    -75.741      0.132      0.083   -115.150   -115.110    -79.095    -79.346    -79.173    -79.380
   -102.000    -76.368    -76.461    -76.418    -76.472      0.093      0.053   -117.150   -117.110    -81.078    -81.280    -81.116    -81.305
   -104.000    -76.950    -77.046    -77.016    -77.045      0.096      0.029   -119.150   -119.110    -83.090    -83.372    -83.186    -83.356
   -106.000    -77.366    -77.418    -77.418    -77.436      0.051      0.018   -121.150   -121.110    -85.134    -85.254    -85.167    -85.350
   -108.000    -77.634    -77.700    -77.708    -77.721      0.066      0.013   -123.150   -123.110    -87.058    -87.344    -87.272    -87.519
   -110.000    -77.819    -77.889    -77.901    -77.864      0.070     -0.037   -125.150   -125.110    -89.035    -89.511    -89.445    -89.116
   -112.000    -77.954    -78.001    -78.015    -78.007      0.046     -0.008   -127.150   -127.110    -91.285    -91.512    -91.449    -91.575
   -114.000    -78.030    -78.062    -78.081    -78.074      0.032     -0.007   -129.150   -129.110    -93.309    -93.143    -93.209    -93.462
   -116.000    -78.082    -78.121    -78.143    -78.116      0.039     -0.026   -131.150   -131.110    -95.538    -95.660    -95.880    -95.214
   -118.000    -78.123    -78.139    -78.180    -78.147      0.016     -0.033   -133.150   -133.110    -98.765    -96.815    -98.983    -97.191
   -120.000    -78.127    -78.175    -78.205    -78.160      0.048     -0.046   -135.150   -135.110    -99.281   -100.832   -104.115    -98.309
   -122.000    -78.168    -78.180    -78.201    -78.195      0.012     -0.006   -137.150   -137.110    -99.281   -101.821   -102.668   -106.335
   -124.000    -78.170    -78.196    -78.206    -78.204      0.026     -0.001   -139.150   -139.110    -99.281   -110.736   -104.314   -106.335
   -126.000    -78.158    -78.210    -78.221    -78.193      0.052     -0.028   -141.150   -141.110    -99.281   -110.736   -104.314   -106.335
   -128.000    -78.146    -78.209    -78.235    -78.201      0.063     -0.035   -143.150   -143.110    -99.281   -110.736   -104.314   -106.335
   -130.000    -78.171    -78.193    -78.228    -78.212      0.023     -0.016   -145.150   -145.110    -99.281   -110.736   -104.314   -106.335
   -132.000    -78.162    -78.213    -78.213    -78.223      0.051      0.010   -147.150   -147.110    -99.281   -110.736   -104.314   -106.335
   -134.000    -78.175    -78.207    -78.218    -78.208      0.032     -0.010   -149.150   -149.110    -99.281   -110.736   -104.314   -106.335
   -136.000    -78.160    -78.207    -78.220    -78.218      0.047     -0.002   -151.150   -151.110    -99.281   -110.736   -104.314   -106.335
   -138.000    -78.176    -78.196    -78.219    -78.197      0.020     -0.022   -153.150   -153.110    -99.281   -110.736   -104.314   -106.335
   -140.000    -78.155    -78.199    -78.216    -78.210      0.044     -0.006   -155.150   -155.110    -99.281   -110.736   -104.314   -106.335
