     20.000     92.061     92.190   -999.900   -999.900     -0.129      0.000    -16.730    -16.550     92.061     92.190   -999.900   -999.900
     15.000     91.870     91.968   -999.900   -999.900     -0.098      0.000    -21.730    -21.550     91.870     91.968   -999.900   -999.900
     10.000     90.414     90.254   -999.900   -999.900      0.160      0.000    -26.730    -26.550     90.414     90.254   -999.900   -999.900
      5.000     85.678     85.413   -999.900   -999.900      0.265      0.000    -31.730    -31.550     85.678     85.413   -999.900   -999.900
      0.000     80.874     80.606   -999.900   -999.900      0.268      0.000    -36.730    -36.550     80.874     80.606   -999.900   -999.900
     -5.000     75.572     75.306   -999.900   -999.900      0.266      0.000    -41.730    -41.550     75.572     75.306   -999.900   -999.900
    -10.000     70.704     70.445   -999.900   -999.900      0.259      0.000    -46.730    -46.550     70.704     70.445   -999.900   -999.900
    -15.000     65.550     65.270   -999.900   -999.900      0.280      0.000    -51.730    -51.550     65.550     65.270   -999.900   -999.900
    -20.000     60.682     60.415   -999.900   -999.900      0.267      0.000    -56.730    -56.550     60.682     60.415   -999.900   -999.900
    -25.000     55.551     55.291   -999.900   -999.900      0.260      0.000    -61.730    -61.550     55.551     55.291   -999.900   -999.900
    -30.000     50.678     50.404   -999.900   -999.900      0.274      0.000    -66.730    -66.550     50.678     50.404   -999.900   -999.900
    -35.000     45.636     45.361   -999.900   -999.900      0.275      0.000    -71.730    -71.550     45.635     45.360   -999.900   -999.900
    -40.000     40.764     40.494   -999.900   -999.900      0.270      0.000    -76.730    -76.550     40.762     40.492   -999.900   -999.900
    -45.000     35.614     35.354   -999.900   -999.900      0.260      0.000    -81.730    -81.550     35.609     35.348   -999.900   -999.900
    -50.000     30.729     30.443   -999.900   -999.900      0.286      0.000    -86.730    -86.550     30.713     30.424   -999.900   -999.900
    -55.000     25.594     25.289   -999.900   -999.900      0.305      0.000    -91.730    -91.550     25.541     25.227   -999.900   -999.900
    -60.000     20.725     20.466   -999.900   -999.900      0.259      0.000    -96.730    -96.550     20.559     20.275   -999.900   -999.900
    -65.000     15.904     15.686   -999.900   -999.900      0.218      0.000   -101.730   -101.550     15.378     15.084   -999.900   -999.900
    -70.000     11.817     11.674   -999.900   -999.900      0.143      0.000   -106.730   -106.550     10.317      9.960   -999.900   -999.900
    -75.000      9.033      9.141   -999.900   -999.900     -0.108      0.000   -111.730   -111.550      5.521      5.330   -999.900   -999.900
    -80.000      7.512      7.675   -999.900   -999.900     -0.163      0.000   -116.730   -116.550      0.794      0.258   -999.900   -999.900
    -85.000      6.879      7.186   -999.900   -999.900     -0.307      0.000   -121.730   -121.550     -3.608     -3.587   -999.900   -999.900
    -90.000      6.606      6.931   -999.900   -999.900     -0.325      0.000   -126.730   -126.550     -8.577     -8.555   -999.900   -999.900
    -95.000      6.527      6.874   -999.900   -999.900     -0.347      0.000   -131.730   -131.550    -12.497    -11.240   -999.900   -999.900
   -100.000      6.523      6.828   -999.900   -999.900     -0.305      0.000   -136.730   -136.550    -12.828    -16.221   -999.900   -999.900
   -105.000      6.454      6.806   -999.900   -999.900     -0.352      0.000   -141.730   -141.550    -12.828    -16.221   -999.900   -999.900
   -110.000      6.473      6.812   -999.900   -999.900     -0.339      0.000   -146.730   -146.550    -12.828    -16.221   -999.900   -999.900
   -115.000      6.454      6.784   -999.900   -999.900     -0.330      0.000   -151.730   -151.550    -12.828    -16.221   -999.900   -999.900
   -120.000      6.457      6.802   -999.900   -999.900     -0.345      0.000   -156.730   -156.550    -12.828    -16.221   -999.900   -999.900
