    -14.000      6.619      6.436      6.499      6.374      0.183      0.125    -29.150    -29.110      6.619      6.436      6.499      6.374
    -16.000      4.870      4.626      4.754      4.578      0.244      0.176    -31.150    -31.110      4.870      4.626      4.754      4.578
    -18.000      3.015      2.759      2.916      2.725      0.256      0.191    -33.150    -33.110      3.015      2.759      2.916      2.725
    -20.000      1.056      0.792      0.968      0.767      0.264      0.200    -35.150    -35.110      1.056      0.792      0.968      0.767
    -22.000     -0.924     -1.193     -1.005     -1.210      0.268      0.206    -37.150    -37.110     -0.924     -1.193     -1.005     -1.211
    -24.000     -2.767     -3.026     -2.831     -3.050      0.259      0.219    -39.150    -39.110     -2.767     -3.026     -2.831     -3.050
    -26.000     -4.858     -5.129     -4.927     -5.136      0.272      0.209    -41.150    -41.110     -4.858     -5.129     -4.927     -5.137
    -28.000     -6.865     -7.138     -6.931     -7.141      0.273      0.210    -43.150    -43.110     -6.865     -7.138     -6.931     -7.141
    -30.000     -8.836     -9.110     -8.900     -9.110      0.274      0.211    -45.150    -45.110     -8.836     -9.110     -8.900     -9.110
    -32.000    -10.852    -11.128    -10.914    -11.125      0.276      0.211    -47.150    -47.110    -10.852    -11.128    -10.914    -11.125
    -34.000    -12.820    -13.097    -12.879    -13.090      0.277      0.211    -49.150    -49.110    -12.820    -13.097    -12.879    -13.090
    -36.000    -14.835    -15.112    -14.892    -15.103      0.277      0.211    -51.150    -51.110    -14.836    -15.112    -14.892    -15.103
    -38.000    -16.792    -17.071    -16.846    -17.058      0.279      0.212    -53.150    -53.110    -16.792    -17.071    -16.847    -17.058
    -40.000    -18.816    -19.096    -18.869    -19.081      0.279      0.212    -55.150    -55.110    -18.816    -19.096    -18.869    -19.081
    -42.000    -20.836    -21.115    -20.888    -21.099      0.279      0.211    -57.150    -57.110    -20.836    -21.115    -20.888    -21.099
    -44.000    -22.813    -23.093    -22.862    -23.073      0.280      0.211    -59.150    -59.110    -22.813    -23.093    -22.862    -23.073
    -46.000    -24.810    -25.088    -24.854    -25.065      0.277      0.212    -61.150    -61.110    -24.810    -25.088    -24.854    -25.065
    -48.000    -26.776    -27.056    -26.822    -27.033      0.280      0.212    -63.150    -63.110    -26.776    -27.056    -26.822    -27.033
    -50.000    -28.798    -29.077    -28.843    -29.055      0.279      0.212    -65.150    -65.110    -28.798    -29.077    -28.843    -29.055
    -52.000    -30.817    -31.096    -30.862    -31.073      0.279      0.211    -67.150    -67.110    -30.817    -31.096    -30.862    -31.074
    -54.000    -32.838    -33.117    -32.883    -33.095      0.279      0.212    -69.150    -69.110    -32.838    -33.118    -32.883    -33.095
    -56.000    -34.857    -35.136    -34.900    -35.113      0.279      0.212    -71.150    -71.110    -34.857    -35.136    -34.901    -35.113
    -58.000    -36.810    -37.089    -36.853    -37.066      0.279      0.212    -73.150    -73.110    -36.810    -37.089    -36.854    -37.066
    -60.000    -38.828    -39.106    -38.870    -39.082      0.278      0.212    -75.150    -75.110    -38.829    -39.107    -38.871    -39.083
    -62.000    -40.847    -41.126    -40.886    -41.099      0.279      0.213    -77.150    -77.110    -40.848    -41.127    -40.887    -41.100
    -64.000    -42.796    -43.074    -42.833    -43.048      0.278      0.215    -79.150    -79.110    -42.798    -43.076    -42.835    -43.049
    -66.000    -44.812    -45.089    -44.851    -45.067      0.278      0.216    -81.150    -81.110    -44.814    -45.092    -44.854    -45.070
    -68.000    -46.764    -47.041    -46.806    -47.023      0.277      0.216    -83.150    -83.110    -46.768    -47.045    -46.810    -47.027
    -70.000    -48.776    -49.051    -48.822    -49.039      0.275      0.217    -85.150    -85.110    -48.782    -49.058    -48.829    -49.046
    -72.000    -50.613    -50.882    -50.659    -50.883      0.269      0.225    -87.150    -87.110    -50.623    -50.893    -50.669    -50.894
    -74.000    -52.738    -53.011    -52.793    -53.014      0.273      0.221    -89.150    -89.110    -52.754    -53.028    -52.809    -53.031
    -76.000    -54.739    -55.013    -54.797    -55.019      0.274      0.222    -91.150    -91.110    -54.765    -55.040    -54.823    -55.046
    -78.000    -56.678    -56.950    -56.738    -56.958      0.271      0.220    -93.150    -93.110    -56.719    -56.992    -56.778    -57.000
    -80.000    -58.679    -58.947    -58.739    -58.958      0.269      0.220    -95.150    -95.110    -58.743    -59.015    -58.803    -59.026
    -82.000    -60.610    -60.875    -60.667    -60.891      0.265      0.223    -97.150    -97.110    -60.711    -60.981    -60.768    -60.997
    -84.000    -62.576    -62.840    -62.640    -62.853      0.264      0.213    -99.150    -99.110    -62.735    -63.007    -62.800    -63.021
    -86.000    -64.487    -64.752    -64.548    -64.764      0.266      0.216   -101.150   -101.110    -64.736    -65.015    -64.798    -65.028
    -88.000    -66.344    -66.600    -66.410    -66.611      0.256      0.201   -103.150   -103.110    -66.733    -67.008    -66.801    -67.021
    -90.000    -68.151    -68.398    -68.218    -68.413      0.247      0.195   -105.150   -105.110    -68.754    -69.031    -68.824    -69.049
    -92.000    -69.832    -70.057    -69.891    -70.072      0.226      0.182   -107.150   -107.110    -70.752    -71.020    -70.814    -71.041
    -94.000    -71.383    -71.597    -71.440    -71.596      0.214      0.155   -109.150   -109.110    -72.768    -73.045    -72.829    -73.046
    -96.000    -72.709    -72.910    -72.764    -72.906      0.201      0.142   -111.150   -111.110    -74.719    -75.011    -74.779    -75.009
    -98.000    -73.854    -74.040    -73.917    -74.025      0.186      0.108   -113.150   -113.110    -76.712    -77.028    -76.792    -77.007
   -100.000    -74.793    -74.933    -74.857    -74.941      0.139      0.084   -115.150   -115.110    -78.759    -79.032    -78.849    -79.067
   -102.000    -75.480    -75.591    -75.537    -75.600      0.111      0.063   -117.150   -117.110    -80.726    -80.981    -80.809    -81.033
   -104.000    -75.982    -76.082    -76.040    -76.110      0.100      0.070   -119.150   -119.110    -82.703    -82.987    -82.807    -83.160
   -106.000    -76.343    -76.428    -76.395    -76.434      0.085      0.039   -121.150   -121.110    -84.739    -85.030    -84.830    -85.125
   -108.000    -76.575    -76.651    -76.624    -76.650      0.076      0.026   -123.150   -123.110    -86.678    -86.992    -86.755    -87.057
   -110.000    -76.755    -76.796    -76.802    -76.803      0.041      0.001   -125.150   -125.110    -89.014    -88.900    -89.084    -89.138
   -112.000    -76.818    -76.886    -76.890    -76.897      0.069      0.008   -127.150   -127.110    -90.210    -90.660    -90.873    -91.124
   -114.000    -76.911    -76.951    -76.971    -76.955      0.040     -0.015   -129.150   -129.110    -92.912    -92.552    -93.560    -92.998
   -116.000    -76.933    -76.990    -77.002    -77.003      0.056      0.001   -131.150   -131.110    -93.902    -94.225    -95.262    -95.496
   -118.000    -76.973    -77.040    -77.032    -77.025      0.067     -0.007   -133.150   -133.110    -96.512    -98.279    -98.047    -97.447
   -120.000    -76.996    -77.049    -77.045    -77.044      0.054     -0.001   -135.150   -135.110    -99.277    -99.807    -99.947   -100.318
   -122.000    -77.008    -77.058    -77.058    -77.049      0.050     -0.010   -137.150   -137.110   -102.267   -101.867   -103.938   -101.370
   -124.000    -77.018    -77.067    -77.083    -77.062      0.049     -0.021   -139.150   -139.110   -108.688   -106.144   -103.938   -108.994
   -126.000    -77.014    -77.071    -77.044    -77.054      0.057      0.010   -141.150   -141.110   -104.612   -110.956   -103.938   -103.274
   -128.000    -77.018    -77.071    -77.067    -77.064      0.054     -0.003   -143.150   -143.110   -107.648   -112.393   -103.938   -113.976
   -130.000    -77.033    -77.074    -77.075    -77.065      0.041     -0.010   -145.150   -145.110   -107.648   -112.393   -103.938   -113.976
   -132.000    -77.032    -77.079    -77.070    -77.086      0.047      0.016   -147.150   -147.110   -107.648   -112.393   -103.938   -113.976
   -134.000    -77.031    -77.089    -77.070    -77.074      0.058      0.004   -149.150   -149.110   -107.648   -112.393   -103.938   -113.976
   -136.000    -77.029    -77.078    -77.087    -77.070      0.049     -0.017   -151.150   -151.110   -107.648   -112.393   -103.938   -113.976
   -138.000    -77.032    -77.091    -77.068    -77.076      0.059      0.008   -153.150   -153.110   -107.648   -112.393   -103.938   -113.976
   -140.000    -77.024    -77.070    -77.072    -77.069      0.046     -0.003   -155.150   -155.110   -107.648   -112.393   -103.938   -113.976
