    -14.000      6.529      6.201      6.443      6.185      0.328      0.258    -29.150    -29.110      6.528      6.201      6.443      6.185
    -16.000      4.767      4.357      4.694      4.360      0.410      0.334    -31.150    -31.110      4.767      4.357      4.694      4.360
    -18.000      2.916      2.491      2.859      2.506      0.425      0.353    -33.150    -33.110      2.916      2.491      2.859      2.505
    -20.000      0.958      0.525      0.911      0.548      0.433      0.363    -35.150    -35.110      0.958      0.525      0.911      0.548
    -22.000     -1.021     -1.459     -1.062     -1.430      0.438      0.369    -37.150    -37.110     -1.021     -1.459     -1.062     -1.430
    -24.000     -2.946     -3.387     -2.981     -3.352      0.441      0.371    -39.150    -39.110     -2.946     -3.387     -2.981     -3.352
    -26.000     -4.951     -5.393     -4.982     -5.354      0.442      0.372    -41.150    -41.110     -4.951     -5.393     -4.982     -5.354
    -28.000     -6.957     -7.401     -6.985     -7.358      0.444      0.373    -43.150    -43.110     -6.957     -7.401     -6.985     -7.358
    -30.000     -8.927     -9.372     -8.952     -9.326      0.446      0.374    -45.150    -45.110     -8.927     -9.372     -8.952     -9.326
    -32.000    -10.942    -11.390    -10.965    -11.340      0.448      0.375    -47.150    -47.110    -10.942    -11.390    -10.965    -11.340
    -34.000    -12.910    -13.358    -12.930    -13.305      0.449      0.375    -49.150    -49.110    -12.910    -13.358    -12.930    -13.305
    -36.000    -14.924    -15.373    -14.942    -15.316      0.449      0.374    -51.150    -51.110    -14.924    -15.373    -14.942    -15.316
    -38.000    -16.880    -17.332    -16.896    -17.272      0.452      0.376    -53.150    -53.110    -16.880    -17.332    -16.896    -17.272
    -40.000    -18.904    -19.355    -18.918    -19.294      0.452      0.376    -55.150    -55.110    -18.904    -19.355    -18.918    -19.294
    -42.000    -20.922    -21.374    -20.935    -21.311      0.452      0.376    -57.150    -57.110    -20.923    -21.374    -20.935    -21.311
    -44.000    -22.898    -23.351    -22.908    -23.282      0.454      0.374    -59.150    -59.110    -22.898    -23.351    -22.908    -23.282
    -46.000    -24.370    -24.829    -24.384    -24.752      0.459      0.368    -61.150    -61.110    -24.370    -24.829    -24.385    -24.752
    -48.000    -26.859    -27.311    -26.866    -27.241      0.451      0.375    -63.150    -63.110    -26.859    -27.311    -26.866    -27.241
    -50.000    -28.879    -29.331    -28.886    -29.261      0.452      0.375    -65.150    -65.110    -28.879    -29.331    -28.886    -29.261
    -52.000    -30.897    -31.349    -30.905    -31.280      0.452      0.375    -67.150    -67.110    -30.897    -31.349    -30.905    -31.280
    -54.000    -32.915    -33.368    -32.922    -33.297      0.453      0.375    -69.150    -69.110    -32.915    -33.368    -32.923    -33.298
    -56.000    -34.932    -35.385    -34.938    -35.314      0.453      0.375    -71.150    -71.110    -34.932    -35.385    -34.939    -35.314
    -58.000    -36.882    -37.335    -36.890    -37.264      0.453      0.374    -73.150    -73.110    -36.883    -37.335    -36.890    -37.264
    -60.000    -38.900    -39.353    -38.906    -39.280      0.453      0.373    -75.150    -75.110    -38.900    -39.354    -38.907    -39.280
    -62.000    -40.917    -41.371    -40.922    -41.295      0.454      0.373    -77.150    -77.110    -40.918    -41.372    -40.923    -41.296
    -64.000    -42.863    -43.317    -42.867    -43.240      0.455      0.373    -79.150    -79.110    -42.864    -43.319    -42.868    -43.241
    -66.000    -44.876    -45.331    -44.883    -45.255      0.455      0.372    -81.150    -81.110    -44.878    -45.333    -44.885    -45.258
    -68.000    -46.824    -47.280    -46.838    -47.208      0.456      0.370    -83.150    -83.110    -46.827    -47.283    -46.841    -47.211
    -70.000    -48.831    -49.288    -48.851    -49.219      0.457      0.368    -85.150    -85.110    -48.836    -49.293    -48.856    -49.225
    -72.000    -50.833    -51.291    -50.862    -51.227      0.457      0.364    -87.150    -87.110    -50.841    -51.299    -50.870    -51.235
    -74.000    -52.788    -53.248    -52.824    -53.187      0.461      0.364    -89.150    -89.110    -52.800    -53.262    -52.836    -53.201
    -76.000    -54.787    -55.250    -54.826    -55.192      0.462      0.366    -91.150    -91.110    -54.807    -55.271    -54.846    -55.213
    -78.000    -56.725    -57.191    -56.769    -57.131      0.465      0.362    -93.150    -93.110    -56.757    -57.224    -56.801    -57.165
    -80.000    -58.728    -59.189    -58.773    -59.130      0.461      0.357    -95.150    -95.110    -58.778    -59.243    -58.823    -59.184
    -82.000    -60.663    -61.128    -60.708    -61.065      0.465      0.357    -97.150    -97.110    -60.741    -61.212    -60.787    -61.149
    -84.000    -62.639    -63.102    -62.686    -63.045      0.463      0.360    -99.150    -99.110    -62.764    -63.236    -62.810    -63.178
    -86.000    -64.571    -65.030    -64.619    -64.972      0.459      0.353   -101.150   -101.110    -64.767    -65.240    -64.815    -65.181
    -88.000    -66.456    -66.900    -66.499    -66.846      0.444      0.347   -103.150   -103.110    -66.762    -67.228    -66.806    -67.172
    -90.000    -68.294    -68.743    -68.347    -68.685      0.448      0.337   -105.150   -105.110    -68.771    -69.254    -68.826    -69.193
    -92.000    -70.040    -70.462    -70.079    -70.407      0.422      0.328   -107.150   -107.110    -70.773    -71.246    -70.813    -71.187
    -94.000    -71.353    -71.755    -71.407    -71.695      0.402      0.288   -109.150   -109.110    -72.379    -72.848    -72.437    -72.780
    -96.000    -73.098    -73.481    -73.151    -73.430      0.383      0.279   -111.150   -111.110    -74.736    -75.227    -74.796    -75.166
    -98.000    -74.387    -74.726    -74.425    -74.677      0.339      0.251   -113.150   -113.110    -76.774    -77.251    -76.813    -77.188
   -100.000    -75.439    -75.748    -75.489    -75.685      0.310      0.196   -115.150   -115.110    -78.799    -79.293    -78.863    -79.189
   -102.000    -76.229    -76.496    -76.266    -76.466      0.268      0.200   -117.150   -117.110    -80.741    -81.217    -80.779    -81.191
   -104.000    -76.853    -77.085    -76.883    -77.046      0.232      0.163   -119.150   -119.110    -82.808    -83.264    -82.813    -83.203
   -106.000    -77.303    -77.488    -77.325    -77.457      0.184      0.132   -121.150   -121.110    -84.940    -85.253    -84.885    -85.228
   -108.000    -77.575    -77.763    -77.619    -77.728      0.188      0.109   -123.150   -123.110    -86.821    -87.238    -86.913    -87.182
   -110.000    -77.784    -77.973    -77.834    -77.925      0.189      0.090   -125.150   -125.110    -89.008    -89.597    -89.209    -89.329
   -112.000    -77.895    -78.086    -77.939    -78.046      0.191      0.107   -127.150   -127.110    -90.769    -91.630    -90.935    -91.412
   -114.000    -77.977    -78.153    -78.026    -78.126      0.176      0.100   -129.150   -129.110    -92.712    -93.449    -93.104    -93.602
   -116.000    -78.046    -78.212    -78.075    -78.168      0.166      0.093   -131.150   -131.110    -95.473    -96.106    -95.071    -95.410
   -118.000    -78.076    -78.243    -78.111    -78.215      0.167      0.104   -133.150   -133.110    -97.562    -98.641    -97.387    -99.066
   -120.000    -78.080    -78.252    -78.134    -78.224      0.172      0.089   -135.150   -135.110    -97.962    -99.773    -99.975   -100.261
   -122.000    -78.100    -78.279    -78.149    -78.232      0.179      0.083   -137.150   -137.110   -100.466   -108.967   -103.036   -101.889
   -124.000    -78.108    -78.267    -78.138    -78.239      0.159      0.101   -139.150   -139.110   -102.074   -102.664   -100.528   -103.776
   -126.000    -78.128    -78.281    -78.179    -78.250      0.153      0.071   -141.150   -141.110   -102.074   -113.174   -100.528   -114.015
   -128.000    -78.118    -78.291    -78.173    -78.253      0.173      0.080   -143.150   -143.110   -102.074   -113.174   -100.528   -114.015
   -130.000    -78.125    -78.282    -78.147    -78.257      0.156      0.110   -145.150   -145.110   -102.074   -113.174   -100.528   -114.015
   -132.000    -78.148    -78.291    -78.174    -78.265      0.143      0.091   -147.150   -147.110   -102.074   -113.174   -100.528   -114.015
   -134.000    -78.135    -78.297    -78.192    -78.250      0.162      0.058   -149.150   -149.110   -102.074   -113.174   -100.528   -114.015
   -136.000    -78.140    -78.282    -78.179    -78.262      0.142      0.083   -151.150   -151.110   -102.074   -113.174   -100.528   -114.015
   -138.000    -78.138    -78.299    -78.163    -78.261      0.160      0.098   -153.150   -153.110   -102.074   -113.174   -100.528   -114.015
   -140.000    -78.156    -78.290    -78.165    -78.269      0.134      0.104   -155.150   -155.110   -102.074   -113.174   -100.528   -114.015
