    -14.000      6.778      6.463      6.647      6.393      0.315      0.254    -29.150    -29.110      6.778      6.463      6.647      6.393
    -16.000      5.070      4.657      4.938      4.598      0.413      0.339    -31.150    -31.110      5.070      4.657      4.938      4.598
    -18.000      3.217      2.790      3.103      2.745      0.427      0.358    -33.150    -33.110      3.217      2.790      3.103      2.745
    -20.000      1.258      0.823      1.155      0.787      0.435      0.368    -35.150    -35.110      1.258      0.823      1.155      0.787
    -22.000     -0.722     -1.162     -0.817     -1.191      0.440      0.374    -37.150    -37.110     -0.722     -1.162     -0.817     -1.191
    -24.000     -2.647     -3.090     -2.737     -3.113      0.443      0.376    -39.150    -39.110     -2.647     -3.090     -2.737     -3.113
    -26.000     -4.653     -5.097     -4.738     -5.115      0.444      0.377    -41.150    -41.110     -4.653     -5.097     -4.738     -5.115
    -28.000     -6.660     -7.106     -6.741     -7.120      0.446      0.378    -43.150    -43.110     -6.660     -7.106     -6.741     -7.120
    -30.000     -8.630     -9.078     -8.709     -9.088      0.448      0.379    -45.150    -45.110     -8.631     -9.078     -8.709     -9.088
    -32.000    -10.647    -11.097    -10.723    -11.103      0.449      0.380    -47.150    -47.110    -10.647    -11.097    -10.723    -11.103
    -34.000    -12.617    -13.067    -12.690    -13.070      0.450      0.380    -49.150    -49.110    -12.617    -13.067    -12.690    -13.070
    -36.000    -14.634    -15.084    -14.704    -15.083      0.450      0.379    -51.150    -51.110    -14.634    -15.084    -14.704    -15.083
    -38.000    -16.589    -17.042    -16.658    -17.038      0.453      0.381    -53.150    -53.110    -16.589    -17.042    -16.658    -17.039
    -40.000    -18.613    -19.067    -18.680    -19.061      0.454      0.381    -55.150    -55.110    -18.613    -19.067    -18.680    -19.061
    -42.000    -20.633    -21.087    -20.699    -21.079      0.454      0.380    -57.150    -57.110    -20.633    -21.087    -20.699    -21.079
    -44.000    -22.609    -23.064    -22.673    -23.052      0.455      0.379    -59.150    -59.110    -22.609    -23.064    -22.673    -23.052
    -46.000    -24.610    -25.059    -24.665    -25.046      0.449      0.381    -61.150    -61.110    -24.610    -25.059    -24.665    -25.046
    -48.000    -25.300    -25.760    -25.365    -25.738      0.459      0.372    -63.150    -63.110    -25.300    -25.760    -25.365    -25.738
    -50.000    -28.595    -29.048    -28.654    -29.035      0.453      0.381    -65.150    -65.110    -28.595    -29.048    -28.654    -29.035
    -52.000    -30.613    -31.066    -30.673    -31.053      0.453      0.381    -67.150    -67.110    -30.614    -31.066    -30.673    -31.054
    -54.000    -32.635    -33.088    -32.694    -33.076      0.453      0.382    -69.150    -69.110    -32.636    -33.089    -32.694    -33.076
    -56.000    -34.654    -35.106    -34.711    -35.093      0.452      0.382    -71.150    -71.110    -34.654    -35.106    -34.711    -35.093
    -58.000    -36.606    -37.058    -36.663    -37.045      0.452      0.383    -73.150    -73.110    -36.606    -37.058    -36.663    -37.046
    -60.000    -38.626    -39.075    -38.680    -39.062      0.450      0.382    -75.150    -75.110    -38.626    -39.076    -38.681    -39.063
    -62.000    -40.644    -41.093    -40.696    -41.079      0.449      0.383    -77.150    -77.110    -40.645    -41.094    -40.696    -41.079
    -64.000    -42.593    -43.041    -42.642    -43.027      0.448      0.385    -79.150    -79.110    -42.594    -43.043    -42.643    -43.028
    -66.000    -44.610    -45.054    -44.658    -45.044      0.444      0.386    -81.150    -81.110    -44.612    -45.057    -44.660    -45.047
    -68.000    -46.563    -47.003    -46.614    -47.001      0.440      0.387    -83.150    -83.110    -46.566    -47.007    -46.617    -47.004
    -70.000    -48.575    -49.012    -48.627    -49.015      0.437      0.389    -85.150    -85.110    -48.580    -49.017    -48.631    -49.020
    -72.000    -50.582    -51.013    -50.635    -51.026      0.432      0.390    -87.150    -87.110    -50.590    -51.022    -50.643    -51.034
    -74.000    -52.541    -52.971    -52.600    -52.991      0.430      0.390    -89.150    -89.110    -52.553    -52.984    -52.613    -53.004
    -76.000    -54.546    -54.974    -54.606    -54.998      0.428      0.392    -91.150    -91.110    -54.566    -54.995    -54.625    -55.019
    -78.000    -56.489    -56.912    -56.545    -56.940      0.424      0.395    -93.150    -93.110    -56.520    -56.945    -56.576    -56.973
    -80.000    -58.491    -58.913    -58.551    -58.944      0.422      0.393    -95.150    -95.110    -58.540    -58.965    -58.600    -58.996
    -82.000    -60.432    -60.848    -60.492    -60.880      0.416      0.388    -97.150    -97.110    -60.509    -60.930    -60.568    -60.962
    -84.000    -62.412    -62.829    -62.468    -62.860      0.417      0.392    -99.150    -99.110    -62.534    -62.959    -62.590    -62.991
    -86.000    -64.346    -64.761    -64.408    -64.787      0.415      0.380   -101.150   -101.110    -64.538    -64.966    -64.599    -64.993
    -88.000    -66.224    -66.639    -66.287    -66.658      0.415      0.371   -103.150   -103.110    -66.523    -66.958    -66.586    -66.978
    -90.000    -68.085    -68.487    -68.148    -68.503      0.402      0.355   -105.150   -105.110    -68.554    -68.987    -68.617    -69.003
    -92.000    -69.819    -70.199    -69.887    -70.229      0.380      0.342   -107.150   -107.110    -70.538    -70.963    -70.606    -70.995
    -94.000    -71.465    -71.836    -71.536    -71.858      0.371      0.322   -109.150   -109.110    -72.559    -72.999    -72.632    -73.024
    -96.000    -72.039    -72.404    -72.113    -72.421      0.365      0.308   -111.150   -111.110    -73.314    -73.758    -73.390    -73.776
    -98.000    -74.198    -74.506    -74.275    -74.533      0.308      0.258   -113.150   -113.110    -76.550    -76.982    -76.633    -77.018
   -100.000    -75.254    -75.529    -75.324    -75.565      0.276      0.241   -115.150   -115.110    -78.561    -78.997    -78.636    -79.059
   -102.000    -76.048    -76.312    -76.115    -76.319      0.264      0.204   -117.150   -117.110    -80.487    -80.978    -80.553    -80.972
   -104.000    -76.679    -76.912    -76.743    -76.920      0.233      0.177   -119.150   -119.110    -82.532    -83.040    -82.590    -83.029
   -106.000    -77.121    -77.325    -77.184    -77.335      0.204      0.151   -121.150   -121.110    -84.556    -85.060    -84.603    -85.051
   -108.000    -77.418    -77.580    -77.480    -77.614      0.162      0.134   -123.150   -123.110    -86.532    -86.854    -86.564    -87.044
   -110.000    -77.617    -77.795    -77.698    -77.800      0.179      0.103   -125.150   -125.110    -88.505    -89.138    -88.754    -89.036
   -112.000    -77.750    -77.914    -77.823    -77.929      0.164      0.106   -127.150   -127.110    -90.524    -91.134    -90.704    -91.171
   -114.000    -77.829    -77.990    -77.916    -77.989      0.161      0.073   -129.150   -129.110    -92.324    -93.090    -93.032    -92.649
   -116.000    -77.885    -78.034    -77.989    -78.038      0.148      0.050   -131.150   -131.110    -94.297    -94.786    -96.347    -94.388
   -118.000    -77.931    -78.075    -78.001    -78.098      0.144      0.097   -133.150   -133.110    -96.983    -97.393    -97.299    -98.230
   -120.000    -77.956    -78.096    -78.032    -78.109      0.139      0.076   -135.150   -135.110    -99.685    -99.658   -101.443    -99.571
   -122.000    -77.956    -78.114    -78.035    -78.119      0.158      0.085   -137.150   -137.110    -99.582   -103.666   -101.955   -101.342
   -124.000    -77.974    -78.113    -78.044    -78.122      0.138      0.078   -139.150   -139.110   -103.839   -103.255   -105.108   -101.949
   -126.000    -77.989    -78.116    -78.046    -78.152      0.127      0.106   -141.150   -141.110   -103.839   -104.282   -106.266   -101.949
   -128.000    -77.989    -78.129    -78.048    -78.143      0.140      0.095   -143.150   -143.110   -103.839   -104.282   -107.947   -101.949
   -130.000    -78.000    -78.135    -78.062    -78.153      0.135      0.091   -145.150   -145.110   -103.839   -104.282   -107.947   -101.949
   -132.000    -77.986    -78.126    -78.072    -78.145      0.141      0.073   -147.150   -147.110   -103.839   -104.282   -107.947   -101.949
   -134.000    -78.011    -78.144    -78.061    -78.156      0.132      0.094   -149.150   -149.110   -103.839   -104.282   -107.947   -101.949
   -136.000    -77.986    -78.145    -78.057    -78.150      0.159      0.093   -151.150   -151.110   -103.839   -104.282   -107.947   -101.949
   -138.000    -78.000    -78.133    -78.065    -78.147      0.133      0.082   -153.150   -153.110   -103.839   -104.282   -107.947   -101.949
   -140.000    -77.995    -78.138    -78.054    -78.147      0.143      0.093   -155.150   -155.110   -103.839   -104.282   -107.947   -101.949
