    -14.000      6.665      6.427      6.556      6.406      0.238      0.150    -29.150    -29.110      6.665      6.427      6.556      6.406
    -16.000      4.929      4.622      4.833      4.621      0.307      0.212    -31.150    -31.110      4.929      4.622      4.833      4.621
    -18.000      3.078      2.758      2.998      2.771      0.320      0.228    -33.150    -33.110      3.078      2.758      2.998      2.771
    -20.000      1.120      0.792      1.050      0.813      0.328      0.236    -35.150    -35.110      1.120      0.792      1.050      0.813
    -22.000     -0.843     -1.175     -0.905     -1.146      0.332      0.241    -37.150    -37.110     -0.843     -1.175     -0.905     -1.146
    -24.000     -2.795     -3.129     -2.851     -3.095      0.335      0.244    -39.150    -39.110     -2.795     -3.129     -2.851     -3.095
    -26.000     -4.803     -5.139     -4.855     -5.100      0.336      0.245    -41.150    -41.110     -4.803     -5.140     -4.855     -5.100
    -28.000     -6.813     -7.151     -6.861     -7.107      0.337      0.246    -43.150    -43.110     -6.813     -7.151     -6.861     -7.107
    -30.000     -8.786     -9.125     -8.831     -9.078      0.339      0.247    -45.150    -45.110     -8.786     -9.125     -8.831     -9.078
    -32.000    -10.308    -10.640    -10.343    -10.599      0.332      0.256    -47.150    -47.110    -10.308    -10.640    -10.343    -10.599
    -34.000    -12.775    -13.116    -12.815    -13.063      0.340      0.247    -49.150    -49.110    -12.775    -13.116    -12.815    -13.063
    -36.000    -14.794    -15.134    -14.831    -15.078      0.340      0.246    -51.150    -51.110    -14.794    -15.134    -14.831    -15.078
    -38.000    -16.753    -17.095    -16.788    -17.036      0.342      0.248    -53.150    -53.110    -16.753    -17.095    -16.788    -17.036
    -40.000    -18.779    -19.122    -18.813    -19.061      0.343      0.248    -55.150    -55.110    -18.779    -19.122    -18.813    -19.061
    -42.000    -20.781    -21.124    -20.814    -21.062      0.343      0.247    -57.150    -57.110    -20.781    -21.124    -20.814    -21.062
    -44.000    -22.765    -23.109    -22.796    -23.043      0.344      0.247    -59.150    -59.110    -22.765    -23.109    -22.796    -23.043
    -46.000    -24.787    -25.127    -24.812    -25.059      0.340      0.247    -61.150    -61.110    -24.787    -25.127    -24.812    -25.059
    -48.000    -26.756    -27.098    -26.782    -27.030      0.342      0.247    -63.150    -63.110    -26.756    -27.098    -26.782    -27.030
    -50.000    -28.780    -29.122    -28.806    -29.054      0.342      0.248    -65.150    -65.110    -28.780    -29.122    -28.806    -29.054
    -52.000    -30.803    -31.145    -30.830    -31.077      0.342      0.247    -67.150    -67.110    -30.803    -31.145    -30.830    -31.077
    -54.000    -32.796    -33.138    -32.822    -33.071      0.342      0.248    -69.150    -69.110    -32.796    -33.138    -32.823    -33.071
    -56.000    -34.818    -35.160    -34.843    -35.091      0.342      0.248    -71.150    -71.110    -34.818    -35.160    -34.843    -35.092
    -58.000    -36.774    -37.115    -36.798    -37.047      0.341      0.248    -73.150    -73.110    -36.774    -37.115    -36.799    -37.047
    -60.000    -38.795    -39.137    -38.819    -39.068      0.342      0.249    -75.150    -75.110    -38.796    -39.138    -38.820    -39.069
    -62.000    -40.815    -41.157    -40.837    -41.087      0.342      0.250    -77.150    -77.110    -40.816    -41.158    -40.838    -41.088
    -64.000    -42.792    -43.134    -42.813    -43.063      0.342      0.250    -79.150    -79.110    -42.794    -43.136    -42.814    -43.065
    -66.000    -44.812    -45.150    -44.834    -45.086      0.339      0.252    -81.150    -81.110    -44.814    -45.153    -44.836    -45.088
    -68.000    -46.764    -47.104    -46.793    -47.045      0.340      0.252    -83.150    -83.110    -46.769    -47.108    -46.797    -47.050
    -70.000    -48.778    -49.116    -48.812    -49.067      0.338      0.255    -85.150    -85.110    -48.785    -49.123    -48.819    -49.074
    -72.000    -50.785    -51.122    -50.826    -51.083      0.337      0.257    -87.150    -87.110    -50.796    -51.133    -50.837    -51.094
    -74.000    -52.746    -53.081    -52.794    -53.056      0.336      0.261    -89.150    -89.110    -52.763    -53.099    -52.811    -53.073
    -76.000    -54.748    -55.085    -54.804    -55.063      0.337      0.259    -91.150    -91.110    -54.775    -55.112    -54.831    -55.091
    -78.000    -56.688    -57.024    -56.745    -57.007      0.336      0.262    -93.150    -93.110    -56.730    -57.068    -56.787    -57.050
    -80.000    -57.565    -57.893    -57.615    -57.885      0.328      0.270    -95.150    -95.110    -57.616    -57.946    -57.666    -57.939
    -82.000    -60.599    -60.935    -60.665    -60.927      0.337      0.262    -97.150    -97.110    -60.702    -61.044    -60.769    -61.035
    -84.000    -62.577    -62.906    -62.638    -62.893      0.328      0.256    -99.150    -99.110    -62.742    -63.077    -62.802    -63.065
    -86.000    -64.502    -64.831    -64.566    -64.827      0.329      0.261   -101.150   -101.110    -64.762    -65.102    -64.825    -65.097
    -88.000    -66.341    -66.645    -66.401    -66.655      0.304      0.254   -103.150   -103.110    -66.744    -67.063    -66.804    -67.074
    -90.000    -68.138    -68.450    -68.198    -68.444      0.312      0.246   -105.150   -105.110    -68.764    -69.100    -68.822    -69.092
    -92.000    -69.800    -70.097    -69.875    -70.104      0.297      0.229   -107.150   -107.110    -70.751    -71.083    -70.828    -71.091
    -94.000    -71.337    -71.625    -71.434    -71.624      0.288      0.189   -109.150   -109.110    -72.764    -73.105    -72.873    -73.101
    -96.000    -72.650    -72.922    -72.715    -72.918      0.272      0.203   -111.150   -111.110    -74.718    -75.063    -74.782    -75.055
    -98.000    -73.795    -74.032    -73.871    -74.043      0.237      0.172   -113.150   -113.110    -76.746    -77.063    -76.830    -77.083
   -100.000    -74.699    -74.940    -74.779    -74.926      0.241      0.147   -115.150   -115.110    -78.758    -79.133    -78.857    -79.095
   -102.000    -75.365    -75.592    -75.442    -75.582      0.228      0.140   -117.150   -117.110    -80.709    -81.115    -80.809    -81.074
   -104.000    -75.877    -76.072    -75.954    -76.091      0.195      0.136   -119.150   -119.110    -82.793    -83.143    -82.905    -83.231
   -106.000    -76.200    -76.405    -76.285    -76.400      0.205      0.115   -121.150   -121.110    -84.677    -85.192    -84.864    -85.141
   -108.000    -76.435    -76.609    -76.519    -76.630      0.174      0.111   -123.150   -123.110    -86.687    -87.042    -86.936    -87.261
   -110.000    -76.612    -76.759    -76.674    -76.752      0.147      0.078   -125.150   -125.110    -89.085    -89.080    -89.044    -88.932
   -112.000    -76.703    -76.844    -76.767    -76.875      0.141      0.108   -127.150   -127.110    -91.050    -90.820    -91.019    -91.620
   -114.000    -76.761    -76.926    -76.838    -76.933      0.165      0.096   -129.150   -129.110    -93.029    -93.587    -93.487    -93.850
   -116.000    -76.795    -76.968    -76.865    -76.956      0.173      0.091   -131.150   -131.110    -94.763    -96.144    -94.940    -95.143
   -118.000    -76.830    -76.986    -76.900    -76.986      0.156      0.086   -133.150   -133.110    -97.711    -97.889    -98.138    -97.754
   -120.000    -76.842    -76.992    -76.925    -76.991      0.150      0.066   -135.150   -135.110    -99.539    -98.683   -104.230    -98.355
   -122.000    -76.862    -77.007    -76.925    -77.003      0.145      0.078   -137.150   -137.110   -108.618   -101.987   -104.072   -100.415
   -124.000    -76.846    -76.999    -76.932    -77.013      0.153      0.081   -139.150   -139.110   -100.469   -100.020   -112.573   -103.510
   -126.000    -76.851    -77.031    -76.932    -77.036      0.180      0.104   -141.150   -141.110   -101.622   -100.020   -113.841   -103.510
   -128.000    -76.880    -77.036    -76.926    -77.029      0.156      0.103   -143.150   -143.110   -101.622   -100.020   -104.928   -103.510
   -130.000    -76.869    -77.023    -76.929    -77.034      0.155      0.104   -145.150   -145.110   -101.622   -100.020   -107.528   -103.510
   -132.000    -76.878    -77.036    -76.935    -77.030      0.158      0.094   -147.150   -147.110   -101.622   -100.020   -107.528   -103.510
   -134.000    -76.868    -77.026    -76.933    -77.029      0.159      0.096   -149.150   -149.110   -101.622   -100.020   -107.528   -103.510
   -136.000    -76.874    -77.014    -76.942    -77.027      0.140      0.086   -151.150   -151.110   -101.622   -100.020   -107.528   -103.510
   -138.000    -76.875    -77.036    -76.950    -77.022      0.161      0.072   -153.150   -153.110   -101.622   -100.020   -107.528   -103.510
   -140.000    -76.874    -77.032    -76.934    -77.037      0.157      0.102   -155.150   -155.110   -101.622   -100.020   -107.528   -103.510
