    -14.000      6.696      6.446      6.576      6.390      0.249      0.186    -29.150    -29.110      6.695      6.446      6.576      6.390
    -16.000      4.967      4.641      4.854      4.597      0.326      0.257    -31.150    -31.110      4.967      4.641      4.854      4.597
    -18.000      3.115      2.774      3.018      2.743      0.341      0.275    -33.150    -33.110      3.115      2.774      3.018      2.743
    -20.000      1.157      0.807      1.071      0.785      0.349      0.285    -35.150    -35.110      1.156      0.807      1.071      0.785
    -22.000     -0.823     -1.178     -0.901     -1.193      0.355      0.292    -37.150    -37.110     -0.823     -1.178     -0.901     -1.193
    -24.000     -2.748     -3.106     -2.820     -3.115      0.358      0.295    -39.150    -39.110     -2.748     -3.106     -2.820     -3.115
    -26.000     -4.754     -5.114     -4.821     -5.118      0.360      0.297    -41.150    -41.110     -4.754     -5.114     -4.821     -5.118
    -28.000     -6.762     -7.123     -6.826     -7.123      0.361      0.298    -43.150    -43.110     -6.762     -7.123     -6.826     -7.123
    -30.000     -8.734     -9.096     -8.795     -9.094      0.362      0.298    -45.150    -45.110     -8.734     -9.096     -8.795     -9.094
    -32.000    -10.750    -11.114    -10.809    -11.108      0.364      0.299    -47.150    -47.110    -10.750    -11.114    -10.809    -11.109
    -34.000    -12.719    -13.084    -12.776    -13.075      0.365      0.299    -49.150    -49.110    -12.719    -13.084    -12.776    -13.075
    -36.000    -14.735    -15.099    -14.789    -15.087      0.364      0.298    -51.150    -51.110    -14.735    -15.099    -14.789    -15.087
    -38.000    -16.692    -17.059    -16.744    -17.044      0.367      0.300    -53.150    -53.110    -16.692    -17.059    -16.745    -17.044
    -40.000    -18.716    -19.084    -18.768    -19.067      0.367      0.300    -55.150    -55.110    -18.717    -19.084    -18.768    -19.067
    -42.000    -20.736    -21.103    -20.786    -21.085      0.367      0.299    -57.150    -57.110    -20.736    -21.103    -20.786    -21.085
    -44.000    -22.713    -23.081    -22.761    -23.060      0.368      0.299    -59.150    -59.110    -22.713    -23.082    -22.761    -23.060
    -46.000    -24.713    -25.078    -24.754    -25.053      0.365      0.299    -61.150    -61.110    -24.713    -25.078    -24.754    -25.053
    -48.000    -26.679    -27.046    -26.722    -27.022      0.368      0.299    -63.150    -63.110    -26.679    -27.046    -26.722    -27.022
    -50.000    -28.701    -29.068    -28.744    -29.044      0.367      0.300    -65.150    -65.110    -28.701    -29.068    -28.744    -29.044
    -52.000    -30.721    -31.088    -30.764    -31.063      0.367      0.299    -67.150    -67.110    -30.721    -31.088    -30.764    -31.064
    -54.000    -32.736    -33.104    -32.779    -33.079      0.368      0.301    -69.150    -69.110    -32.736    -33.104    -32.779    -33.080
    -56.000    -34.755    -35.122    -34.796    -35.098      0.367      0.301    -71.150    -71.110    -34.755    -35.122    -34.797    -35.098
    -58.000    -36.709    -37.076    -36.750    -37.052      0.367      0.301    -73.150    -73.110    -36.709    -37.077    -36.751    -37.052
    -60.000    -38.728    -39.095    -38.768    -39.069      0.367      0.301    -75.150    -75.110    -38.728    -39.096    -38.768    -39.070
    -62.000    -40.747    -41.114    -40.784    -41.087      0.367      0.303    -77.150    -77.110    -40.748    -41.115    -40.785    -41.088
    -64.000    -42.694    -43.063    -42.731    -43.035      0.368      0.303    -79.150    -79.110    -42.696    -43.064    -42.733    -43.036
    -66.000    -44.711    -45.077    -44.749    -45.054      0.366      0.305    -81.150    -81.110    -44.714    -45.080    -44.752    -45.057
    -68.000    -46.664    -47.030    -46.707    -47.012      0.366      0.305    -83.150    -83.110    -46.668    -47.034    -46.711    -47.016
    -70.000    -48.675    -49.040    -48.722    -49.029      0.364      0.307    -85.150    -85.110    -48.682    -49.047    -48.729    -49.036
    -72.000    -50.679    -51.042    -50.734    -51.041      0.363      0.307    -87.150    -87.110    -50.689    -51.053    -50.744    -51.052
    -74.000    -52.638    -52.999    -52.697    -53.007      0.361      0.310    -89.150    -89.110    -52.654    -53.016    -52.713    -53.025
    -76.000    -54.639    -55.001    -54.703    -55.013      0.362      0.310    -91.150    -91.110    -54.665    -55.029    -54.729    -55.040
    -78.000    -56.577    -56.936    -56.642    -56.953      0.359      0.311    -93.150    -93.110    -56.618    -56.980    -56.683    -56.997
    -80.000    -58.572    -58.933    -58.641    -58.951      0.361      0.310    -95.150    -95.110    -58.637    -59.002    -58.706    -59.021
    -82.000    -60.501    -60.860    -60.576    -60.879      0.359      0.303    -97.150    -97.110    -60.602    -60.969    -60.677    -60.988
    -84.000    -62.470    -62.822    -62.547    -62.848      0.352      0.301    -99.150    -99.110    -62.630    -62.994    -62.708    -63.021
    -86.000    -64.386    -64.731    -64.461    -64.757      0.344      0.296   -101.150   -101.110    -64.638    -65.000    -64.713    -65.027
    -88.000    -66.245    -66.575    -66.314    -66.600      0.331      0.286   -103.150   -103.110    -66.637    -66.994    -66.706    -67.021
    -90.000    -68.050    -68.362    -68.117    -68.391      0.313      0.275   -105.150   -105.110    -68.659    -69.012    -68.726    -69.043
    -92.000    -69.719    -70.019    -69.784    -70.040      0.300      0.256   -107.150   -107.110    -70.647    -71.006    -70.710    -71.029
    -94.000    -71.267    -71.544    -71.347    -71.590      0.276      0.243   -109.150   -109.110    -72.662    -73.024    -72.745    -73.083
    -96.000    -72.600    -72.834    -72.669    -72.879      0.233      0.209   -111.150   -111.110    -74.630    -74.972    -74.699    -75.037
    -98.000    -73.751    -73.955    -73.829    -73.979      0.204      0.151   -113.150   -113.110    -76.645    -76.994    -76.732    -77.029
   -100.000    -74.667    -74.847    -74.739    -74.871      0.180      0.132   -115.150   -115.110    -78.656    -79.027    -78.730    -79.067
   -102.000    -75.354    -75.511    -75.432    -75.512      0.157      0.081   -117.150   -117.110    -80.638    -81.044    -80.734    -81.011
   -104.000    -75.859    -75.983    -75.929    -75.998      0.124      0.069   -119.150   -119.110    -82.651    -83.037    -82.720    -83.056
   -106.000    -76.238    -76.328    -76.282    -76.331      0.090      0.049   -121.150   -121.110    -84.858    -85.165    -84.749    -85.096
   -108.000    -76.455    -76.535    -76.534    -76.548      0.080      0.014   -123.150   -123.110    -86.759    -87.077    -86.934    -87.079
   -110.000    -76.619    -76.686    -76.681    -76.688      0.067      0.007   -125.150   -125.110    -88.962    -89.196    -88.901    -88.998
   -112.000    -76.711    -76.785    -76.769    -76.782      0.075      0.013   -127.150   -127.110    -90.894    -91.448    -90.682    -90.980
   -114.000    -76.771    -76.841    -76.834    -76.843      0.071      0.009   -129.150   -129.110    -92.837    -93.492    -92.655    -92.971
   -116.000    -76.824    -76.885    -76.878    -76.889      0.061      0.011   -131.150   -131.110    -95.803    -96.184    -94.729    -95.393
   -118.000    -76.854    -76.908    -76.916    -76.920      0.054      0.004   -133.150   -133.110    -99.146    -98.731    -98.072    -98.509
   -120.000    -76.845    -76.910    -76.923    -76.933      0.064      0.009   -135.150   -135.110    -97.850    -99.013    -99.113   -100.809
   -122.000    -76.880    -76.928    -76.932    -76.937      0.047      0.005   -137.150   -137.110    -97.850   -103.847   -100.861   -101.914
   -124.000    -76.864    -76.934    -76.960    -76.945      0.070     -0.015   -139.150   -139.110    -97.850   -109.269   -100.861   -105.823
   -126.000    -76.899    -76.934    -76.948    -76.964      0.035      0.016   -141.150   -141.110    -97.850   -110.441   -100.861   -105.823
   -128.000    -76.885    -76.943    -76.951    -76.957      0.058      0.006   -143.150   -143.110    -97.850   -110.441   -100.861   -105.823
   -130.000    -76.882    -76.929    -76.949    -76.952      0.047      0.003   -145.150   -145.110    -97.850   -110.441   -100.861   -105.823
   -132.000    -76.875    -76.938    -76.946    -76.956      0.064      0.010   -147.150   -147.110    -97.850   -110.441   -100.861   -105.823
   -134.000    -76.884    -76.936    -76.956    -76.956      0.052      0.001   -149.150   -149.110    -97.850   -110.441   -100.861   -105.823
   -136.000    -76.888    -76.944    -76.950    -76.950      0.056     -0.000   -151.150   -151.110    -97.850   -110.441   -100.861   -105.823
   -138.000    -76.886    -76.961    -76.966    -76.950      0.076     -0.017   -153.150   -153.110    -97.850   -110.441   -100.861   -105.823
   -140.000    -76.889    -76.944    -76.963    -76.956      0.055     -0.007   -155.150   -155.110    -97.850   -110.441   -100.861   -105.823
