    -14.000      6.801      6.584      6.676      6.520      0.217      0.156    -29.150    -29.110      6.801      6.584      6.676      6.520
    -16.000      5.117      4.822      4.992      4.769      0.295      0.223    -31.150    -31.110      5.117      4.822      4.992      4.769
    -18.000      3.270      2.963      3.161      2.922      0.307      0.239    -33.150    -33.110      3.270      2.963      3.161      2.922
    -20.000      1.313      0.997      1.214      0.965      0.316      0.249    -35.150    -35.110      1.313      0.997      1.214      0.965
    -22.000     -0.648     -0.968     -0.739     -0.993      0.320      0.254    -37.150    -37.110     -0.648     -0.968     -0.739     -0.993
    -24.000     -2.600     -2.923     -2.686     -2.943      0.322      0.257    -39.150    -39.110     -2.600     -2.923     -2.686     -2.943
    -26.000     -4.608     -4.932     -4.689     -4.947      0.324      0.258    -41.150    -41.110     -4.608     -4.932     -4.689     -4.947
    -28.000     -6.618     -6.943     -6.695     -6.954      0.325      0.259    -43.150    -43.110     -6.618     -6.943     -6.695     -6.954
    -30.000     -8.593     -8.919     -8.667     -8.927      0.326      0.260    -45.150    -45.110     -8.593     -8.919     -8.667     -8.927
    -32.000    -10.591    -10.919    -10.663    -10.924      0.327      0.261    -47.150    -47.110    -10.592    -10.919    -10.663    -10.924
    -34.000    -12.585    -12.913    -12.654    -12.915      0.328      0.261    -49.150    -49.110    -12.585    -12.913    -12.654    -12.915
    -36.000    -14.606    -14.933    -14.672    -14.931      0.327      0.259    -51.150    -51.110    -14.606    -14.933    -14.672    -14.931
    -38.000    -16.566    -16.895    -16.630    -16.891      0.330      0.261    -53.150    -53.110    -16.566    -16.896    -16.630    -16.891
    -40.000    -18.593    -18.923    -18.655    -18.916      0.330      0.261    -55.150    -55.110    -18.593    -18.923    -18.656    -18.917
    -42.000    -20.595    -20.926    -20.657    -20.918      0.330      0.261    -57.150    -57.110    -20.595    -20.926    -20.657    -20.918
    -44.000    -22.581    -22.912    -22.641    -22.901      0.331      0.260    -59.150    -59.110    -22.581    -22.912    -22.641    -22.901
    -46.000    -24.606    -24.933    -24.656    -24.917      0.327      0.261    -61.150    -61.110    -24.606    -24.933    -24.656    -24.917
    -48.000    -26.573    -26.904    -26.629    -26.890      0.331      0.261    -63.150    -63.110    -26.573    -26.904    -26.629    -26.890
    -50.000    -28.599    -28.929    -28.654    -28.915      0.330      0.261    -65.150    -65.110    -28.599    -28.929    -28.654    -28.915
    -52.000    -30.622    -30.952    -30.677    -30.938      0.330      0.261    -67.150    -67.110    -30.623    -30.952    -30.677    -30.938
    -54.000    -32.618    -32.942    -32.665    -32.933      0.323      0.268    -69.150    -69.110    -32.618    -32.942    -32.666    -32.934
    -56.000    -34.634    -34.963    -34.687    -34.948      0.329      0.262    -71.150    -71.110    -34.634    -34.963    -34.687    -34.949
    -58.000    -36.591    -36.921    -36.644    -36.906      0.330      0.262    -73.150    -73.110    -36.592    -36.921    -36.644    -36.906
    -60.000    -38.613    -38.942    -38.665    -38.927      0.329      0.262    -75.150    -75.110    -38.614    -38.942    -38.666    -38.928
    -62.000    -40.634    -40.963    -40.684    -40.947      0.329      0.263    -77.150    -77.110    -40.635    -40.964    -40.685    -40.948
    -64.000    -42.613    -42.942    -42.662    -42.926      0.329      0.264    -79.150    -79.110    -42.615    -42.944    -42.663    -42.927
    -66.000    -44.632    -44.959    -44.682    -44.948      0.327      0.266    -81.150    -81.110    -44.635    -44.962    -44.685    -44.951
    -68.000    -46.588    -46.915    -46.644    -46.911      0.327      0.267    -83.150    -83.110    -46.593    -46.920    -46.648    -46.915
    -70.000    -48.603    -48.928    -48.665    -48.935      0.325      0.270    -85.150    -85.110    -48.610    -48.935    -48.671    -48.941
    -72.000    -50.611    -50.935    -50.682    -50.951      0.325      0.269    -87.150    -87.110    -50.621    -50.946    -50.692    -50.962
    -74.000    -52.575    -52.897    -52.653    -52.925      0.322      0.272    -89.150    -89.110    -52.591    -52.914    -52.669    -52.942
    -76.000    -54.576    -54.900    -54.660    -54.934      0.324      0.274    -91.150    -91.110    -54.602    -54.927    -54.686    -54.961
    -78.000    -56.518    -56.838    -56.607    -56.882      0.320      0.275    -93.150    -93.110    -56.559    -56.881    -56.648    -56.925
    -80.000    -58.517    -58.839    -58.608    -58.887      0.323      0.279    -95.150    -95.110    -58.581    -58.907    -58.673    -58.955
    -82.000    -60.443    -60.761    -60.533    -60.807      0.319      0.274    -97.150    -97.110    -60.544    -60.866    -60.634    -60.913
    -84.000    -62.407    -62.727    -62.504    -62.777      0.320      0.273    -99.150    -99.110    -62.567    -62.894    -62.664    -62.944
    -86.000    -64.340    -64.655    -64.444    -64.707      0.314      0.263   -101.150   -101.110    -64.593    -64.918    -64.697    -64.971
    -88.000    -66.184    -66.486    -66.274    -66.538      0.302      0.265   -103.150   -103.110    -66.576    -66.893    -66.666    -66.948
    -90.000    -67.994    -68.285    -68.087    -68.347      0.292      0.261   -105.150   -105.110    -68.603    -68.918    -68.696    -68.984
    -92.000    -69.655    -69.933    -69.758    -69.984      0.278      0.226   -107.150   -107.110    -70.581    -70.890    -70.686    -70.947
    -94.000    -71.212    -71.489    -71.313    -71.530      0.277      0.217   -109.150   -109.110    -72.608    -72.935    -72.711    -72.979
    -96.000    -72.544    -72.782    -72.641    -72.828      0.237      0.187   -111.150   -111.110    -74.575    -74.867    -74.673    -74.922
    -98.000    -73.704    -73.935    -73.800    -73.980      0.231      0.180   -113.150   -113.110    -76.610    -76.922    -76.708    -76.981
   -100.000    -74.627    -74.848    -74.717    -74.872      0.221      0.155   -115.150   -115.110    -78.644    -78.980    -78.726    -78.991
   -102.000    -75.149    -75.350    -75.240    -75.373      0.201      0.133   -117.150   -117.110    -80.103    -80.420    -80.188    -80.425
   -104.000    -75.802    -75.979    -75.900    -76.021      0.177      0.121   -119.150   -119.110    -82.595    -82.889    -82.711    -82.971
   -106.000    -76.158    -76.329    -76.248    -76.350      0.171      0.102   -121.150   -121.110    -84.644    -84.965    -84.712    -84.919
   -108.000    -76.387    -76.541    -76.502    -76.582      0.154      0.080   -123.150   -123.110    -86.603    -86.822    -86.919    -86.958
   -110.000    -76.555    -76.725    -76.641    -76.730      0.170      0.090   -125.150   -125.110    -88.806    -89.353    -88.767    -88.934
   -112.000    -76.645    -76.806    -76.761    -76.826      0.161      0.065   -127.150   -127.110    -90.642    -91.167    -91.324    -90.891
   -114.000    -76.716    -76.860    -76.812    -76.885      0.144      0.073   -129.150   -129.110    -92.912    -92.930    -93.085    -92.691
   -116.000    -76.760    -76.911    -76.837    -76.943      0.151      0.106   -131.150   -131.110    -95.256    -95.706    -94.301    -95.777
   -118.000    -76.787    -76.935    -76.884    -76.964      0.148      0.080   -133.150   -133.110    -97.825    -98.092    -98.243    -97.787
   -120.000    -76.795    -76.941    -76.896    -76.971      0.146      0.075   -135.150   -135.110    -98.998    -99.019   -100.345    -98.697
   -122.000    -76.807    -76.958    -76.921    -76.987      0.151      0.066   -137.150   -137.110   -101.509   -103.089   -100.345   -102.138
   -124.000    -76.823    -76.971    -76.902    -76.991      0.147      0.088   -139.150   -139.110   -101.509   -103.089   -100.345   -103.650
   -126.000    -76.835    -76.954    -76.916    -77.006      0.119      0.090   -141.150   -141.110   -101.509   -103.089   -100.345   -103.650
   -128.000    -76.819    -76.972    -76.909    -77.006      0.153      0.097   -143.150   -143.110   -101.509   -103.089   -100.345   -103.650
   -130.000    -76.826    -76.962    -76.924    -77.004      0.137      0.079   -145.150   -145.110   -101.509   -103.089   -100.345   -103.650
   -132.000    -76.838    -76.985    -76.922    -77.007      0.147      0.085   -147.150   -147.110   -101.509   -103.089   -100.345   -103.650
   -134.000    -76.839    -76.966    -76.920    -77.014      0.127      0.094   -149.150   -149.110   -101.509   -103.089   -100.345   -103.650
   -136.000    -76.811    -76.992    -76.919    -77.012      0.181      0.093   -151.150   -151.110   -101.509   -103.089   -100.345   -103.650
   -138.000    -76.808    -76.976    -76.920    -77.002      0.168      0.082   -153.150   -153.110   -101.509   -103.089   -100.345   -103.650
   -140.000    -76.833    -76.973    -76.921    -77.003      0.140      0.082   -155.150   -155.110   -101.509   -103.089   -100.345   -103.650
