    -14.000      6.778      6.462      6.646      6.393      0.316      0.254    -29.150    -29.110      6.778      6.462      6.646      6.392
    -16.000      5.069      4.657      4.939      4.599      0.413      0.339    -31.150    -31.110      5.069      4.657      4.938      4.599
    -18.000      3.217      2.790      3.103      2.746      0.427      0.358    -33.150    -33.110      3.217      2.790      3.103      2.746
    -20.000      1.258      0.823      1.156      0.788      0.435      0.368    -35.150    -35.110      1.258      0.823      1.156      0.788
    -22.000     -0.723     -1.163     -0.816     -1.190      0.440      0.374    -37.150    -37.110     -0.723     -1.163     -0.816     -1.190
    -24.000     -2.648     -3.090     -2.736     -3.112      0.443      0.376    -39.150    -39.110     -2.648     -3.090     -2.736     -3.112
    -26.000     -4.654     -5.098     -4.737     -5.115      0.444      0.378    -41.150    -41.110     -4.654     -5.098     -4.737     -5.115
    -28.000     -6.661     -7.106     -6.741     -7.119      0.445      0.378    -43.150    -43.110     -6.661     -7.107     -6.741     -7.119
    -30.000     -8.631     -9.078     -8.709     -9.087      0.447      0.378    -45.150    -45.110     -8.631     -9.078     -8.709     -9.087
    -32.000    -10.647    -11.096    -10.722    -11.101      0.449      0.379    -47.150    -47.110    -10.647    -11.096    -10.722    -11.102
    -34.000    -12.616    -13.066    -12.688    -13.068      0.450      0.379    -49.150    -49.110    -12.616    -13.066    -12.688    -13.068
    -36.000    -14.633    -15.082    -14.702    -15.080      0.449      0.378    -51.150    -51.110    -14.633    -15.082    -14.702    -15.080
    -38.000    -16.588    -17.041    -16.655    -17.035      0.452      0.380    -53.150    -53.110    -16.588    -17.041    -16.655    -17.035
    -40.000    -18.612    -19.065    -18.677    -19.057      0.453      0.380    -55.150    -55.110    -18.612    -19.065    -18.678    -19.057
    -42.000    -20.631    -21.084    -20.695    -21.075      0.453      0.380    -57.150    -57.110    -20.632    -21.084    -20.696    -21.075
    -44.000    -22.607    -23.061    -22.670    -23.048      0.454      0.379    -59.150    -59.110    -22.607    -23.061    -22.670    -23.048
    -46.000    -24.608    -25.056    -24.662    -25.041      0.448      0.380    -61.150    -61.110    -24.608    -25.056    -24.662    -25.042
    -48.000    -26.570    -27.023    -26.628    -27.008      0.453      0.380    -63.150    -63.110    -26.570    -27.023    -26.628    -27.008
    -50.000    -28.592    -29.043    -28.649    -29.029      0.452      0.380    -65.150    -65.110    -28.592    -29.043    -28.649    -29.029
    -52.000    -30.610    -31.062    -30.668    -31.048      0.452      0.380    -67.150    -67.110    -30.611    -31.062    -30.668    -31.048
    -54.000    -32.634    -33.086    -32.690    -33.072      0.452      0.381    -69.150    -69.110    -32.634    -33.086    -32.691    -33.072
    -56.000    -34.652    -35.103    -34.708    -35.089      0.451      0.381    -71.150    -71.110    -34.653    -35.103    -34.708    -35.089
    -58.000    -35.437    -35.893    -35.498    -35.873      0.456      0.376    -73.150    -73.110    -35.437    -35.893    -35.498    -35.874
    -60.000    -38.624    -39.073    -38.677    -39.058      0.449      0.381    -75.150    -75.110    -38.625    -39.073    -38.678    -39.058
    -62.000    -40.642    -41.091    -40.692    -41.074      0.448      0.382    -77.150    -77.110    -40.643    -41.091    -40.693    -41.075
    -64.000    -42.591    -43.037    -42.637    -43.021      0.446      0.384    -79.150    -79.110    -42.592    -43.038    -42.638    -43.022
    -66.000    -44.607    -45.050    -44.653    -45.038      0.443      0.385    -81.150    -81.110    -44.609    -45.052    -44.655    -45.040
    -68.000    -46.561    -46.999    -46.609    -46.995      0.439      0.386    -83.150    -83.110    -46.564    -47.003    -46.612    -46.998
    -70.000    -48.572    -49.008    -48.622    -49.009      0.436      0.387    -85.150    -85.110    -48.577    -49.013    -48.627    -49.014
    -72.000    -50.577    -51.009    -50.632    -51.019      0.432      0.387    -87.150    -87.110    -50.585    -51.018    -50.640    -51.028
    -74.000    -52.538    -52.967    -52.595    -52.984      0.428      0.389    -89.150    -89.110    -52.551    -52.980    -52.607    -52.997
    -76.000    -54.541    -54.967    -54.599    -54.989      0.425      0.391    -91.150    -91.110    -54.561    -54.988    -54.618    -55.011
    -78.000    -56.484    -56.906    -56.541    -56.933      0.422      0.392    -93.150    -93.110    -56.514    -56.939    -56.571    -56.966
    -80.000    -58.485    -58.907    -58.548    -58.936      0.422      0.388    -95.150    -95.110    -58.534    -58.959    -58.597    -58.989
    -82.000    -60.426    -60.842    -60.484    -60.876      0.417      0.392    -97.150    -97.110    -60.503    -60.924    -60.561    -60.958
    -84.000    -62.409    -62.821    -62.468    -62.858      0.412      0.389    -99.150    -99.110    -62.531    -62.952    -62.590    -62.988
    -86.000    -64.342    -64.749    -64.396    -64.788      0.407      0.392   -101.150   -101.110    -64.534    -64.954    -64.587    -64.994
    -88.000    -66.225    -66.627    -66.287    -66.656      0.401      0.370   -103.150   -103.110    -66.525    -66.946    -66.586    -66.977
    -90.000    -68.091    -68.471    -68.142    -68.507      0.380      0.365   -105.150   -105.110    -68.561    -68.970    -68.610    -69.008
    -92.000    -69.815    -70.202    -69.877    -70.224      0.387      0.347   -107.150   -107.110    -70.535    -70.967    -70.596    -70.990
    -94.000    -71.476    -71.834    -71.522    -71.853      0.357      0.331   -109.150   -109.110    -72.576    -72.998    -72.615    -73.018
    -96.000    -72.909    -73.223    -72.958    -73.264      0.314      0.306   -111.150   -111.110    -74.527    -74.922    -74.569    -74.976
    -98.000    -74.182    -74.514    -74.261    -74.512      0.332      0.251   -113.150   -113.110    -76.525    -77.000    -76.614    -76.985
   -100.000    -75.258    -75.540    -75.297    -75.542      0.282      0.245   -115.150   -115.110    -78.577    -79.027    -78.586    -79.014
   -102.000    -76.052    -76.291    -76.126    -76.298      0.238      0.172   -117.150   -117.110    -80.508    -80.927    -80.595    -80.920
   -104.000    -76.666    -76.894    -76.759    -76.909      0.228      0.151   -119.150   -119.110    -82.500    -82.985    -82.668    -83.000
   -106.000    -76.987    -77.204    -77.072    -77.206      0.216      0.133   -121.150   -121.110    -83.884    -84.407    -84.044    -84.356
   -108.000    -77.416    -77.590    -77.474    -77.607      0.175      0.134   -123.150   -123.110    -86.558    -86.984    -86.556    -87.017
   -110.000    -77.610    -77.771    -77.692    -77.797      0.161      0.105   -125.150   -125.110    -88.490    -88.880    -88.753    -89.045
   -112.000    -77.742    -77.913    -77.801    -77.916      0.171      0.116   -127.150   -127.110    -90.474    -91.221    -90.402    -90.991
   -114.000    -77.821    -77.987    -77.906    -77.997      0.166      0.091   -129.150   -129.110    -92.258    -93.152    -92.903    -93.037
   -116.000    -77.893    -78.047    -77.971    -78.043      0.154      0.072   -131.150   -131.110    -94.913    -95.771    -95.637    -94.783
   -118.000    -77.911    -78.060    -77.998    -78.084      0.149      0.086   -133.150   -133.110    -95.946    -96.646    -97.590    -97.372
   -120.000    -77.953    -78.089    -78.007    -78.114      0.136      0.107   -135.150   -135.110   -100.076    -99.463    -98.463   -101.183
   -122.000    -77.943    -78.103    -78.037    -78.108      0.160      0.071   -137.150   -137.110    -98.667   -101.920   -104.746   -100.047
   -124.000    -77.968    -78.112    -78.038    -78.131      0.143      0.093   -139.150   -139.110   -103.662   -104.823   -105.570   -107.905
   -126.000    -77.997    -78.132    -78.044    -78.149      0.136      0.105   -141.150   -141.110   -103.662   -104.823   -111.050   -107.905
   -128.000    -77.989    -78.125    -78.054    -78.132      0.136      0.078   -143.150   -143.110   -103.662   -104.823   -111.050   -107.905
   -130.000    -77.981    -78.133    -78.047    -78.149      0.153      0.102   -145.150   -145.110   -103.662   -104.823   -111.050   -107.905
   -132.000    -77.987    -78.129    -78.045    -78.130      0.142      0.085   -147.150   -147.110   -103.662   -104.823   -111.050   -107.905
   -134.000    -77.993    -78.129    -78.062    -78.138      0.135      0.076   -149.150   -149.110   -103.662   -104.823   -111.050   -107.905
   -136.000    -77.993    -78.130    -78.055    -78.143      0.137      0.088   -151.150   -151.110   -103.662   -104.823   -111.050   -107.905
   -138.000    -77.994    -78.122    -78.060    -78.144      0.128      0.084   -153.150   -153.110   -103.662   -104.823   -111.050   -107.905
   -140.000    -77.982    -78.125    -78.059    -78.156      0.143      0.097   -155.150   -155.110   -103.662   -104.823   -111.050   -107.905
