    -14.000      6.771      6.456      6.640      6.384      0.315      0.256    -29.150    -29.110      6.771      6.456      6.640      6.384
    -16.000      5.062      4.649      4.930      4.590      0.413      0.340    -31.150    -31.110      5.062      4.649      4.930      4.590
    -18.000      3.209      2.781      3.094      2.736      0.428      0.358    -33.150    -33.110      3.209      2.781      3.094      2.736
    -20.000      1.250      0.814      1.146      0.778      0.436      0.369    -35.150    -35.110      1.250      0.814      1.146      0.778
    -22.000     -0.323     -0.771     -0.429     -0.794      0.448      0.365    -37.150    -37.110     -0.323     -0.771     -0.429     -0.794
    -24.000     -2.656     -3.100     -2.747     -3.123      0.443      0.377    -39.150    -39.110     -2.656     -3.100     -2.747     -3.123
    -26.000     -4.662     -5.107     -4.748     -5.126      0.445      0.378    -41.150    -41.110     -4.662     -5.107     -4.748     -5.126
    -28.000     -6.670     -7.117     -6.752     -7.131      0.446      0.379    -43.150    -43.110     -6.671     -7.117     -6.752     -7.131
    -30.000     -8.641     -9.088     -8.720     -9.099      0.448      0.379    -45.150    -45.110     -8.641     -9.089     -8.720     -9.099
    -32.000    -10.658    -11.107    -10.734    -11.115      0.450      0.380    -47.150    -47.110    -10.658    -11.107    -10.734    -11.115
    -34.000    -12.626    -13.077    -12.700    -13.081      0.451      0.380    -49.150    -49.110    -12.626    -13.077    -12.700    -13.081
    -36.000    -14.643    -15.093    -14.714    -15.093      0.450      0.379    -51.150    -51.110    -14.643    -15.093    -14.714    -15.093
    -38.000    -16.598    -17.052    -16.667    -17.049      0.453      0.381    -53.150    -53.110    -16.598    -17.052    -16.667    -17.049
    -40.000    -18.623    -19.077    -18.690    -19.071      0.454      0.381    -55.150    -55.110    -18.623    -19.077    -18.690    -19.071
    -42.000    -20.643    -21.096    -20.709    -21.089      0.453      0.380    -57.150    -57.110    -20.643    -21.096    -20.709    -21.089
    -44.000    -22.618    -23.073    -22.683    -23.062      0.455      0.380    -59.150    -59.110    -22.618    -23.073    -22.683    -23.062
    -46.000    -24.619    -25.069    -24.675    -25.056      0.450      0.381    -61.150    -61.110    -24.619    -25.069    -24.675    -25.056
    -48.000    -26.582    -27.036    -26.642    -27.023      0.454      0.381    -63.150    -63.110    -26.582    -27.036    -26.642    -27.023
    -50.000    -28.604    -29.057    -28.664    -29.044      0.453      0.381    -65.150    -65.110    -28.604    -29.057    -28.664    -29.045
    -52.000    -30.623    -31.075    -30.683    -31.063      0.452      0.381    -67.150    -67.110    -30.623    -31.075    -30.683    -31.063
    -54.000    -32.645    -33.098    -32.703    -33.086      0.453      0.382    -69.150    -69.110    -32.645    -33.098    -32.704    -33.086
    -56.000    -34.664    -35.115    -34.721    -35.103      0.451      0.382    -71.150    -71.110    -34.664    -35.115    -34.721    -35.103
    -58.000    -36.616    -37.067    -36.673    -37.056      0.451      0.383    -73.150    -73.110    -36.616    -37.068    -36.673    -37.056
    -60.000    -38.635    -39.085    -38.691    -39.072      0.450      0.382    -75.150    -75.110    -38.636    -39.086    -38.691    -39.073
    -62.000    -40.654    -41.103    -40.705    -41.089      0.449      0.384    -77.150    -77.110    -40.655    -41.104    -40.706    -41.090
    -64.000    -42.602    -43.050    -42.651    -43.036      0.448      0.385    -79.150    -79.110    -42.604    -43.051    -42.653    -43.038
    -66.000    -44.620    -45.063    -44.668    -45.055      0.444      0.386    -81.150    -81.110    -44.622    -45.065    -44.670    -45.057
    -68.000    -46.571    -47.012    -46.623    -47.010      0.441      0.387    -83.150    -83.110    -46.575    -47.016    -46.626    -47.013
    -70.000    -48.402    -48.846    -48.461    -48.843      0.444      0.382    -85.150    -85.110    -48.406    -48.851    -48.465    -48.848
    -72.000    -50.590    -51.023    -50.647    -51.035      0.433      0.389    -87.150    -87.110    -50.598    -51.032    -50.654    -51.044
    -74.000    -52.552    -52.982    -52.611    -53.000      0.429      0.390    -89.150    -89.110    -52.565    -52.995    -52.623    -53.014
    -76.000    -54.556    -54.982    -54.616    -55.007      0.426      0.391    -91.150    -91.110    -54.575    -55.003    -54.636    -55.028
    -78.000    -56.498    -56.919    -56.555    -56.948      0.422      0.393    -93.150    -93.110    -56.529    -56.952    -56.586    -56.981
    -80.000    -58.500    -58.922    -58.562    -58.952      0.422      0.390    -95.150    -95.110    -58.549    -58.974    -58.611    -59.005
    -82.000    -60.441    -60.859    -60.499    -60.890      0.418      0.391    -97.150    -97.110    -60.518    -60.942    -60.576    -60.973
    -84.000    -62.424    -62.834    -62.481    -62.869      0.410      0.388    -99.150    -99.110    -62.546    -62.964    -62.603    -63.000
    -86.000    -64.357    -64.766    -64.413    -64.798      0.408      0.385   -101.150   -101.110    -64.550    -64.971    -64.605    -65.004
    -88.000    -66.241    -66.644    -66.293    -66.677      0.403      0.385   -103.150   -103.110    -66.542    -66.965    -66.592    -66.999
    -90.000    -68.095    -68.493    -68.153    -68.522      0.398      0.369   -105.150   -105.110    -68.565    -68.994    -68.622    -69.024
    -92.000    -69.830    -70.221    -69.893    -70.249      0.391      0.356   -107.150   -107.110    -70.551    -70.989    -70.612    -71.019
    -94.000    -71.488    -71.847    -71.535    -71.867      0.359      0.332   -109.150   -109.110    -72.590    -73.015    -72.630    -73.036
    -96.000    -72.918    -73.253    -72.966    -73.278      0.335      0.311   -111.150   -111.110    -74.538    -74.965    -74.576    -74.994
    -98.000    -74.206    -74.509    -74.267    -74.539      0.303      0.272   -113.150   -113.110    -76.564    -76.990    -76.618    -77.031
   -100.000    -75.262    -75.525    -75.323    -75.541      0.262      0.217   -115.150   -115.110    -78.583    -78.991    -78.631    -79.007
   -102.000    -76.061    -76.306    -76.118    -76.326      0.245      0.207   -117.150   -117.110    -80.525    -80.969    -80.557    -80.995
   -104.000    -76.688    -76.897    -76.754    -76.925      0.210      0.171   -119.150   -119.110    -82.571    -82.992    -82.622    -83.056
   -106.000    -77.121    -77.341    -77.201    -77.356      0.220      0.155   -121.150   -121.110    -84.564    -85.171    -84.680    -85.184
   -108.000    -77.416    -77.599    -77.491    -77.606      0.183      0.115   -123.150   -123.110    -86.535    -87.050    -86.633    -86.983
   -110.000    -77.636    -77.796    -77.691    -77.792      0.159      0.101   -125.150   -125.110    -88.782    -89.195    -88.626    -88.941
   -112.000    -77.760    -77.915    -77.831    -77.926      0.155      0.094   -127.150   -127.110    -90.754    -91.226    -90.814    -91.134
   -114.000    -77.854    -78.020    -77.912    -78.017      0.166      0.105   -129.150   -129.110    -93.183    -94.355    -92.801    -93.624
   -116.000    -77.900    -78.048    -77.968    -78.071      0.148      0.103   -131.150   -131.110    -95.086    -95.719    -94.978    -96.201
   -118.000    -77.926    -78.086    -78.004    -78.084      0.160      0.080   -133.150   -133.110    -96.704    -98.837    -97.261    -97.084
   -120.000    -77.956    -78.093    -78.026    -78.102      0.137      0.076   -135.150   -135.110    -99.998    -99.819    -99.656    -98.897
   -122.000    -77.950    -78.102    -78.037    -78.136      0.152      0.099   -137.150   -137.110    -99.143   -101.440   -101.673   -110.338
   -124.000    -77.985    -78.116    -78.049    -78.140      0.131      0.092   -139.150   -139.110    -99.143   -106.583   -105.892   -110.338
   -126.000    -77.979    -78.114    -78.059    -78.140      0.135      0.080   -141.150   -141.110    -99.143   -105.058   -105.892   -110.338
   -128.000    -77.988    -78.130    -78.072    -78.135      0.142      0.063   -143.150   -143.110    -99.143   -105.058   -105.892   -110.338
   -130.000    -77.997    -78.139    -78.057    -78.139      0.141      0.082   -145.150   -145.110    -99.143   -105.058   -105.892   -110.338
   -132.000    -77.966    -78.125    -78.050    -78.146      0.159      0.096   -147.150   -147.110    -99.143   -105.058   -105.892   -110.338
   -134.000    -78.003    -78.124    -78.064    -78.145      0.121      0.082   -149.150   -149.110    -99.143   -105.058   -105.892   -110.338
   -136.000    -77.993    -78.133    -78.069    -78.159      0.141      0.090   -151.150   -151.110    -99.143   -105.058   -105.892   -110.338
   -138.000    -77.996    -78.130    -78.066    -78.142      0.134      0.076   -153.150   -153.110    -99.143   -105.058   -105.892   -110.338
   -140.000    -78.004    -78.140    -78.065    -78.140      0.136      0.076   -155.150   -155.110    -99.143   -105.058   -105.892   -110.338
