    -14.000      6.572      6.416      6.462      6.339      0.156      0.123    -29.150    -29.110      6.572      6.416      6.462      6.339
    -16.000      4.809      4.609      4.708      4.543      0.199      0.165    -31.150    -31.110      4.809      4.609      4.708      4.543
    -18.000      2.954      2.746      2.869      2.692      0.208      0.177    -33.150    -33.110      2.954      2.746      2.869      2.692
    -20.000      0.994      0.777      0.920      0.732      0.216      0.188    -35.150    -35.110      0.994      0.777      0.920      0.732
    -22.000     -0.994     -1.216     -1.052     -1.261      0.223      0.208    -37.150    -37.110     -0.994     -1.217     -1.053     -1.261
    -24.000     -2.912     -3.143     -2.972     -3.175      0.230      0.203    -39.150    -39.110     -2.912     -3.143     -2.972     -3.175
    -26.000     -4.918     -5.141     -4.973     -5.169      0.223      0.196    -41.150    -41.110     -4.918     -5.141     -4.973     -5.169
    -28.000     -6.926     -7.151     -6.977     -7.173      0.225      0.197    -43.150    -43.110     -6.926     -7.151     -6.977     -7.173
    -30.000     -8.897     -9.130     -8.945     -9.150      0.233      0.205    -45.150    -45.110     -8.897     -9.130     -8.945     -9.150
    -32.000    -10.914    -11.150    -10.959    -11.166      0.236      0.207    -47.150    -47.110    -10.914    -11.150    -10.959    -11.166
    -34.000    -12.882    -13.108    -12.925    -13.123      0.227      0.197    -49.150    -49.110    -12.882    -13.109    -12.925    -13.123
    -36.000    -14.896    -15.123    -14.938    -15.134      0.227      0.196    -51.150    -51.110    -14.896    -15.123    -14.938    -15.134
    -38.000    -16.853    -17.082    -16.892    -17.090      0.229      0.198    -53.150    -53.110    -16.853    -17.082    -16.892    -17.090
    -40.000    -18.878    -19.107    -18.915    -19.112      0.229      0.197    -55.150    -55.110    -18.878    -19.107    -18.915    -19.112
    -42.000    -20.897    -21.130    -20.933    -21.134      0.232      0.200    -57.150    -57.110    -20.897    -21.130    -20.933    -21.134
    -44.000    -22.874    -23.115    -22.907    -23.114      0.242      0.208    -59.150    -59.110    -22.874    -23.115    -22.907    -23.115
    -46.000    -24.871    -25.105    -24.899    -25.102      0.234      0.203    -61.150    -61.110    -24.871    -25.105    -24.899    -25.102
    -48.000    -26.836    -27.073    -26.867    -27.071      0.237      0.204    -63.150    -63.110    -26.836    -27.074    -26.867    -27.071
    -50.000    -28.859    -29.098    -28.889    -29.096      0.239      0.208    -65.150    -65.110    -28.859    -29.098    -28.889    -29.096
    -52.000    -30.878    -31.117    -30.908    -31.115      0.239      0.207    -67.150    -67.110    -30.878    -31.117    -30.908    -31.115
    -54.000    -32.905    -33.141    -32.935    -33.139      0.236      0.204    -69.150    -69.110    -32.905    -33.141    -32.935    -33.139
    -56.000    -34.924    -35.154    -34.952    -35.152      0.230      0.200    -71.150    -71.110    -34.924    -35.154    -34.952    -35.152
    -58.000    -36.876    -37.110    -36.904    -37.108      0.234      0.204    -73.150    -73.110    -36.876    -37.111    -36.904    -37.109
    -60.000    -38.895    -39.131    -38.922    -39.128      0.235      0.206    -75.150    -75.110    -38.896    -39.131    -38.923    -39.128
    -62.000    -40.915    -41.149    -40.939    -41.144      0.234      0.205    -77.150    -77.110    -40.916    -41.150    -40.939    -41.145
    -64.000    -42.864    -43.100    -42.886    -43.095      0.236      0.209    -79.150    -79.110    -42.865    -43.101    -42.887    -43.096
    -66.000    -44.880    -45.115    -44.905    -45.114      0.235      0.209    -81.150    -81.110    -44.882    -45.117    -44.906    -45.116
    -68.000    -46.832    -47.065    -46.861    -47.070      0.233      0.209    -83.150    -83.110    -46.835    -47.068    -46.864    -47.073
    -70.000    -48.833    -49.059    -48.858    -49.077      0.226      0.218    -85.150    -85.110    -48.837    -49.064    -48.863    -49.081
    -72.000    -50.849    -51.082    -50.886    -51.099      0.233      0.213    -87.150    -87.110    -50.856    -51.089    -50.893    -51.106
    -74.000    -52.810    -53.038    -52.852    -53.062      0.228      0.210    -89.150    -89.110    -52.821    -53.049    -52.863    -53.074
    -76.000    -54.813    -55.046    -54.858    -55.071      0.233      0.212    -91.150    -91.110    -54.831    -55.065    -54.876    -55.089
    -78.000    -56.756    -56.985    -56.800    -57.015      0.230      0.215    -93.150    -93.110    -56.783    -57.014    -56.828    -57.044
    -80.000    -58.763    -58.994    -58.810    -59.026      0.231      0.217    -95.150    -95.110    -58.807    -59.040    -58.854    -59.073
    -82.000    -60.705    -60.935    -60.755    -60.964      0.230      0.209    -97.150    -97.110    -60.774    -61.007    -60.824    -61.037
    -84.000    -62.690    -62.917    -62.739    -62.945      0.227      0.205    -99.150    -99.110    -62.799    -63.031    -62.849    -63.061
    -86.000    -64.634    -64.859    -64.678    -64.886      0.225      0.207   -101.150   -101.110    -64.806    -65.040    -64.851    -65.069
    -88.000    -66.527    -66.748    -66.575    -66.772      0.221      0.197   -103.150   -103.110    -66.796    -67.030    -66.844    -67.058
    -90.000    -68.407    -68.616    -68.449    -68.645      0.209      0.195   -105.150   -105.110    -68.829    -69.058    -68.872    -69.094
    -92.000    -70.169    -70.372    -70.219    -70.370      0.203      0.151   -107.150   -107.110    -70.819    -71.052    -70.871    -71.057
    -94.000    -71.841    -72.035    -71.884    -72.047      0.194      0.164   -109.150   -109.110    -72.832    -73.072    -72.877    -73.100
    -96.000    -73.326    -73.497    -73.361    -73.497      0.171      0.136   -111.150   -111.110    -74.798    -75.031    -74.831    -75.049
    -98.000    -74.669    -74.819    -74.703    -74.803      0.150      0.100   -113.150   -113.110    -76.826    -77.063    -76.857    -77.065
   -100.000    -75.782    -75.901    -75.832    -75.904      0.119      0.073   -115.150   -115.110    -78.844    -79.067    -78.905    -79.121
   -102.000    -76.634    -76.731    -76.675    -76.726      0.097      0.051   -117.150   -117.110    -80.786    -81.010    -80.832    -81.069
   -104.000    -77.316    -77.375    -77.358    -77.368      0.058      0.010   -119.150   -119.110    -82.847    -83.008    -82.901    -83.100
   -106.000    -77.793    -77.850    -77.841    -77.834      0.057     -0.007   -121.150   -121.110    -84.863    -85.078    -84.955    -85.183
   -108.000    -78.133    -78.166    -78.157    -78.146      0.033     -0.011   -123.150   -123.110    -86.970    -87.094    -86.905    -87.235
   -110.000    -78.346    -78.393    -78.387    -78.331      0.048     -0.056   -125.150   -125.110    -88.939    -89.296    -89.026    -89.031
   -112.000    -78.475    -78.508    -78.517    -78.488      0.033     -0.029   -127.150   -127.110    -90.715    -90.973    -90.833    -91.360
   -114.000    -78.589    -78.629    -78.612    -78.557      0.040     -0.055   -129.150   -129.110    -93.202    -93.863    -92.848    -92.962
   -116.000    -78.658    -78.660    -78.670    -78.636      0.003     -0.034   -131.150   -131.110    -95.824    -95.053    -94.702    -95.929
   -118.000    -78.684    -78.719    -78.727    -78.666      0.036     -0.061   -133.150   -133.110    -97.456    -98.915    -97.975    -97.964
   -120.000    -78.723    -78.737    -78.758    -78.692      0.015     -0.066   -135.150   -135.110   -102.252   -101.358   -101.853   -100.890
   -122.000    -78.722    -78.752    -78.752    -78.710      0.030     -0.042   -137.150   -137.110   -102.053   -105.350   -100.854   -106.367
   -124.000    -78.716    -78.758    -78.768    -78.714      0.042     -0.054   -139.150   -139.110   -101.022   -110.343   -104.488   -109.121
   -126.000    -78.740    -78.752    -78.782    -78.711      0.011     -0.071   -141.150   -141.110   -112.783   -105.304   -104.488   -107.060
   -128.000    -78.743    -78.748    -78.779    -78.715      0.005     -0.064   -143.150   -143.110   -112.783   -103.856   -104.488   -110.691
   -130.000    -78.755    -78.755    -78.788    -78.724      0.001     -0.064   -145.150   -145.110   -112.783   -107.490   -104.488   -110.691
   -132.000    -78.747    -78.767    -78.801    -78.724      0.020     -0.076   -147.150   -147.110   -112.783   -107.490   -104.488   -110.691
   -134.000    -78.754    -78.778    -78.783    -78.740      0.025     -0.042   -149.150   -149.110   -112.783   -107.490   -104.488   -110.691
   -136.000    -78.761    -78.778    -78.787    -78.724      0.017     -0.063   -151.150   -151.110   -112.783   -107.490   -104.488   -110.691
   -138.000    -78.752    -78.778    -78.778    -78.713      0.026     -0.065   -153.150   -153.110   -112.783   -107.490   -104.488   -110.691
   -140.000    -78.749    -78.770    -78.797    -78.728      0.021     -0.068   -155.150   -155.110   -112.783   -107.490   -104.488   -110.691
