
 FLIGHT   :  422307385172    20/11/2008   23:00
 STATION  :   040842   WMO  :  94578
 LOCATION :   27.34S   153.12E       5 M/MSL

 STANDARD LEVELS
   Pres  Height  temp   Dwpt   RH  Mix R  W Dir  W Spd  SIG LEVEL FLAG   INTERPOLATION
  (HPA)  (GPM)    (C)    (C)  (%) (G/KG)  (DEG)  (M/S)
 1000.0     36   25.5   16.6   58 11.94    25.    2.6                          
  925.0    716   20.1   14.6   70 11.31   248.    7.4                          
  850.0   1441   16.6    7.3   54  7.47   274.   14.3                          
  700.0   3059    6.6  -30.3    5  0.43   279.   13.2                          
  500.0   5720  -13.4  -37.8   11  0.30   259.   17.1                          
  400.0   7379  -24.8  -50.4    7  0.09   253.   22.4                          
  300.0   9394  -42.3  -47.9   54  0.17   265.   28.9                          
  250.0  10606  -48.8  -70.1    7  0.01   249.   40.0                          
  200.0  12056  -52.3  -78.6    3  0.00   249.   41.1                          
  150.0  13903  -56.6  -88.4    1  0.00   251.   32.1                          

 SIGNIFICANT LEVELS / 10 SECOND DATA 
   Pres  Height  temp   Dwpt   RH  Mix R  W Dir  W Spd  SIG LEVEL FLAG   INTERPOLATION
  (HPA)  (GPM)    (C)    (C)  (%) (G/KG)  (DEG)  (M/S)
 1003.5      5   26.8   20.8   70 15.50    40.    2.1   T U   V D F            
 1000.9     28   25.6   16.5   57 11.78    32.    2.3                          
  999.1     43   25.4   16.9   59 12.10    25.    2.6                          
  997.9     55   25.1   17.3   62 12.43    17.    2.8   T U                    
  996.7     65   25.1   17.9   64 12.93    10.    3.1                          
  995.4     77   25.1   18.4   66 13.35     3.    3.3                          
  993.8     90   25.1   18.4   66 13.39   355.    3.6                          
  992.5    102   25.0   18.0   65 13.09   348.    3.8                          
  991.3    113   25.0   17.6   64 12.82   341.    4.1                       T  
  990.0    124   24.9   18.0   66 13.12   334.    4.3                          
  988.6    137   24.6   18.1   67 13.26   327.    4.6                          
  987.0    151   24.5   18.1   67 13.18   320.    4.8                          
  985.4    165   24.4   18.0   67 13.17   314.    5.0                     P    
  983.9    178   24.4   18.0   67 13.18   308.    5.2                          
  982.3    193   24.4   17.8   67 13.08   302.    5.4                          
  980.7    207   24.4   16.5   62 12.03   296.    5.6                          
  979.2    221   24.3   18.0   68 13.21   290.    5.8                     P T U
  977.5    236   24.1   17.8   67 13.12   285.    6.0                     P T U
  975.9    250   24.1   17.6   67 13.04   279.    6.2                     P T U
  974.2    265   24.0   17.6   67 12.95   274.    6.4                     P T U
  972.6    280   24.0   17.4   67 12.86   270.    6.5                     P T U
  971.0    295   23.9   17.3   67 12.77   266.    6.7                     P T U
  969.3    310   23.6   17.3   67 12.79   262.    6.8                          
  967.4    327   23.5   17.3   68 12.80   258.    6.9   T U                    
  965.6    343   23.5   17.1   67 12.68   255.    7.0                          
  963.8    359   23.4   16.8   67 12.49   252.    7.1                          
  962.1    375   23.1   16.6   67 12.39   250.    7.2                          
  960.4    390   23.1   16.6   67 12.38   248.    7.3                          
  959.0    403   23.0   16.4   66 12.21   246.    7.3                          
  957.4    418   22.9   15.9   64 11.82   245.    7.4         V D F            
  955.7    433   22.9   15.6   63 11.62   244.    7.4                          
  954.1    448   22.6   15.5   63 11.57   244.    7.4   T U                    
  952.6    461   22.6   15.4   64 11.53   244.    7.4                          
  951.1    475   22.5   15.3   64 11.51   244.    7.4                          
  949.6    489   22.4   15.3   64 11.47   244.    7.4                          
  947.9    505   22.1   15.1   65 11.47   245.    7.4                          
  946.1    521   22.0   15.1   65 11.48   245.    7.4                          
  944.4    537   21.9   15.1   65 11.45   245.    7.3                          
  942.5    554   21.6   15.1   66 11.44   246.    7.3                          
  940.9    569   21.6   15.1   67 11.48   246.    7.3                          
  939.2    585   21.4   15.0   67 11.45   246.    7.3                          
  937.4    601   21.3   15.0   67 11.41   246.    7.3                          
  935.6    618   21.1   15.0   68 11.44   247.    7.3                          
  933.9    634   21.0   14.9   68 11.44   247.    7.3                          
  932.0    651   20.8   14.9   69 11.42   247.    7.3                          
  930.1    669   20.6   14.8   69 11.43   248.    7.3                          
  928.3    686   20.5   14.8   70 11.41   248.    7.3                          
  926.6    702   20.3   14.6   70 11.37   248.    7.4                          
  924.8    718   20.1   14.6   70 11.36   248.    7.4                          
  923.1    735   20.0   14.6   71 11.36   249.    7.4                          
  921.2    752   19.9   14.6   72 11.39   249.    7.4                          
  919.4    769   19.6   14.6   73 11.43   249.    7.4                          
  917.7    785   19.6   14.6   73 11.41   249.    7.5                          
  916.0    801   19.4   14.5   73 11.36   249.    7.5                          
  914.3    817   19.3   14.5   74 11.33   250.    7.5                          
  912.6    833   19.1   14.4   74 11.32   250.    7.6                          
  910.8    850   18.9   14.4   75 11.30   250.    7.6                          
  909.1    867   18.8   14.3   75 11.27   250.    7.7                          
  907.3    883   18.6   14.3   76 11.26   250.    7.7                          
  905.4    901   18.4   14.1   77 11.27   251.    7.8                          
  903.6    919   18.3   14.1   77 11.24   251.    7.8                          
  901.8    935   18.1   14.1   77 11.18   251.    7.9                          
  900.1    952   17.9   14.0   78 11.17   251.    8.0                          
  898.2    970   17.8   14.0   79 11.18   252.    8.1                          
  896.4    987   17.6   13.9   79 11.15   252.    8.2                          
  894.7   1003   17.4   13.9   80 11.13   252.    8.3         V D F            
  893.0   1020   17.3   13.9   80 11.15   253.    8.4                          
  891.3   1036   17.1   13.9   81 11.15   253.    8.5                          
  889.7   1051   17.0   13.6   81 11.07   254.    8.7   T U                    
  888.2   1066   16.9   13.5   80 10.91   254.    8.8                          
  886.6   1081   16.9   13.0   78 10.58   255.    8.9                          
  885.0   1097   16.9   12.5   75 10.27   256.    9.1                          
  883.6   1110   17.0   12.1   73 10.00   256.    9.3                          
  882.2   1124   17.1   11.6   70  9.67   257.    9.4                          
  880.7   1138   17.1   11.1   68  9.46   258.    9.6                          
  879.3   1152   17.1   10.8   66  9.22   258.    9.8                          
  877.9   1165   17.1   10.6   65  9.09   259.   10.0                          
  876.5   1179   17.1   10.5   65  9.03   260.   10.2                          
  875.0   1193   17.0   10.4   65  8.98   261.   10.4                          
  873.6   1207   16.9   10.3   65  8.93   262.   10.6                          
  872.1   1221   16.9   10.1   65  8.92   262.   10.8                          
  870.7   1235   16.9   10.1   65  8.94   263.   11.1                          
  869.3   1249   17.0   10.1   64  8.95   264.   11.3                          
  868.0   1262   17.0   10.1   64  8.93   265.   11.5                          
  866.5   1277   16.9   10.1   64  8.91   266.   11.7                          
  865.0   1291   16.9   10.0   64  8.89   266.   12.0                          
  863.7   1305   16.8   10.0   64  8.87   267.   12.2                          
  862.3   1319   16.6    9.9   64  8.85   268.   12.4                          
  860.8   1333   16.6    9.9   64  8.83   269.   12.7                          
  859.5   1346   16.6    9.8   64  8.80   270.   12.9                          
  858.1   1359   16.5    9.6   64  8.78   270.   13.1                          
  856.7   1374   16.5    9.6   64  8.73   271.   13.3                          
  855.3   1387   16.5    9.4   63  8.57   272.   13.5                          
  854.0   1401   16.5    8.9   60  8.31   272.   13.7                          
  852.6   1415   16.6    8.4   58  8.04   273.   13.9                          
  851.1   1430   16.6    7.8   56  7.72   273.   14.1                          
  849.6   1444   16.6    7.1   53  7.40   274.   14.3                          
  848.2   1459   16.6    6.6   51  7.20   274.   14.5                          
  846.8   1473   16.6    6.5   51  7.11   275.   14.6   T U                    
  845.4   1487   16.6    6.4   51  7.07   275.   14.8                          
  844.1   1500   16.5    6.4   51  7.07   276.   14.9                          
  842.8   1513   16.4    6.3   51  7.06   276.   15.1                          
  841.3   1528   16.3    6.1   51  7.00   276.   15.2         V D F            
  839.9   1542   16.1    6.0   51  6.94   277.   15.4                          
  838.6   1555   16.1    6.0   51  6.94   277.   15.5                          
  837.3   1569   16.1    6.0   51  6.97   277.   15.6                          
  835.9   1583   15.9    6.0   52  6.98   278.   15.7                          
  834.4   1598   15.9    5.8   51  6.89   278.   15.8                          
  833.0   1613   15.8    5.5   50  6.74   278.   15.9                          
  831.4   1628   15.6    5.3   50  6.67   278.   16.0                          
  830.1   1642   15.5    5.1   50  6.63   278.   16.1                          
  828.7   1657   15.4    5.1   50  6.59   278.   16.2                          
  827.3   1671   15.3    4.9   50  6.52   278.   16.3                          
  825.9   1686   15.1    4.6   50  6.43   278.   16.3                          
  824.4   1701   15.0    4.5   49  6.34   278.   16.4                          
  823.0   1715   14.9    4.1   49  6.24   278.   16.5                          
  821.6   1730   14.8    4.1   48  6.19   278.   16.5                          
  820.0   1745   14.6    4.1   49  6.18   278.   16.6                          
  818.6   1760   14.6    3.9   48  6.12   278.   16.7                          
  817.4   1773   14.5    3.6   48  6.06   278.   16.7                          
  816.1   1787   14.3    3.6   48  6.03   278.   16.8                          
  814.7   1800   14.1    3.6   49  6.02   278.   16.9                          
  813.4   1815   14.1    3.5   49  5.99   277.   16.9     U                    
  812.0   1828   14.0    3.4   49  5.95   277.   17.0                          
  810.7   1843   13.8    3.3   49  5.92   277.   17.0                          
  809.3   1857   13.6    3.1   49  5.89   277.   17.1                          
  807.8   1872   13.6    3.1   49  5.89   277.   17.1                          
  806.5   1886   13.4    3.1   49  5.88   276.   17.2                          
  805.1   1900   13.3    3.1   50  5.87   276.   17.3                          
  803.9   1913   13.1    3.0   50  5.86   276.   17.3                          
  802.6   1927   13.1    2.9   50  5.83   276.   17.4                          
  801.2   1941   12.9    2.8   50  5.81   276.   17.4                          
  799.9   1955   12.8    2.6   50  5.78   275.   17.4                          
  798.5   1970   12.6    2.6   50  5.75   275.   17.5                          
  797.2   1984   12.5    2.6   51  5.77   275.   17.5                          
  795.8   1998   12.4    2.6   51  5.78   275.   17.6                          
  794.5   2012   12.3    2.5   51  5.71   275.   17.6                          
  793.2   2026   12.1    2.3   51  5.66   275.   17.7                          
  791.9   2040   12.0    2.1   51  5.63   274.   17.7                          
  790.6   2053   11.9    2.1   51  5.61   274.   17.8                          
  789.3   2067   11.8    2.1   51  5.59   274.   17.8                          
  787.9   2081   11.6    2.0   51  5.57   274.   17.8                          
  786.6   2095   11.5    1.9   52  5.55   274.   17.9                          
  785.4   2109   11.4    1.8   52  5.52   274.   17.9                          
  784.1   2123   11.1    1.8   52  5.52   274.   17.9                          
  782.7   2137   11.1    1.8   52  5.52   274.   17.9                          
  781.5   2150   11.0    1.6   53  5.50   273.   18.0         V D F            
  780.3   2162   10.9    1.6   53  5.47   273.   18.0                          
  778.8   2178   10.6    1.5   53  5.45   273.   18.0                          
  777.4   2193   10.6    1.5   53  5.45   273.   18.0                          
  776.3   2205   10.5    1.4   53  5.45   273.   18.0                          
  775.1   2219   10.3    1.4   54  5.44   273.   18.0                          
  773.7   2233   10.1    1.3   54  5.43   273.   18.0                          
  772.4   2248   10.1    1.3   54  5.43   273.   17.9                          
  771.0   2263    9.9    1.1   55  5.41   273.   17.9                          
  769.7   2276    9.8    1.1   55  5.40   273.   17.9                          
  768.6   2288    9.6    1.1   55  5.40   273.   17.8                          
  767.3   2302    9.5    1.1   56  5.41   273.   17.8                          
  766.0   2316    9.4    1.1   56  5.42   274.   17.7                          
  764.7   2330    9.3    1.1   57  5.41   274.   17.7                          
  763.4   2344    9.1    1.1   57  5.40   274.   17.6   T U                    
  762.1   2358    9.0    1.0   57  5.36   274.   17.5                          
  760.8   2373    8.9    0.6   56  5.28   274.   17.4                          
  759.4   2388    8.8   -0.0   54  5.02   274.   17.3                          
  758.2   2402    8.8   -1.0   50  4.66   274.   17.2                          
  756.9   2416    8.8   -1.8   48  4.44   275.   17.1                          
  755.5   2431    8.6   -2.1   47  4.30   275.   17.0                          
  754.1   2446    8.6   -2.5   46  4.20   275.   16.9                          
  752.8   2460    8.5   -2.9   45  4.10   276.   16.8                          
  751.5   2475    8.4   -3.3   44  3.97   276.   16.7                          
  750.1   2490    8.3   -3.3   44  3.99   276.   16.5                          
  749.0   2502    8.3   -3.3   44  3.99   277.   16.4                          
  747.7   2516    8.3   -3.9   42  3.80   277.   16.3                          
  746.4   2531    8.3   -4.8   39  3.58   278.   16.1                          
  745.2   2545    8.3   -4.9   39  3.55   278.   16.0                          
  743.9   2559    8.3   -4.9   39  3.55   278.   15.8                          
  742.5   2574    8.3   -5.5   37  3.39   279.   15.7                          
  741.2   2589    8.1   -5.9   36  3.31   279.   15.6                          
  739.8   2605    8.1   -6.1   36  3.24   280.   15.4                          
  738.4   2619    8.0   -7.4   33  2.97   280.   15.3                          
  737.1   2634    8.0   -9.6   28  2.49   281.   15.2                          
  735.7   2650    8.0  -11.1   25  2.21   281.   15.0                          
  734.4   2665    8.0  -11.3   24  2.19   282.   14.9                          
  733.0   2680    7.9  -11.4   24  2.17   282.   14.8                          
  731.6   2696    7.9  -11.9   23  2.08   283.   14.7                          
  730.2   2712    7.8  -12.4   22  2.01   283.   14.5                          
  728.8   2728    7.8  -12.9   22  1.94   283.   14.4                          
  727.5   2743    7.8  -13.3   21  1.88   284.   14.3                          
  726.1   2758    7.8  -13.4   21  1.86   284.   14.2                          
  724.7   2774    7.6  -13.4   21  1.86   284.   14.1                          
  723.2   2791    7.6  -13.5   21  1.84   284.   14.0                          
  721.8   2807    7.6  -13.8   20  1.81   284.   13.9                          
  720.4   2823    7.6  -14.4   19  1.74   284.   13.9                          
  718.9   2841    7.6  -15.0   18  1.64   284.   13.8                          
  717.4   2857    7.6  -15.8   17  1.55   284.   13.7                          
  716.1   2873    7.6  -16.9   16  1.40   284.   13.6                          
  714.7   2888    7.6  -17.5   15  1.34   284.   13.6                          
  713.3   2905    7.5  -17.4   15  1.36   284.   13.5                          
  711.8   2921    7.4  -17.4   15  1.35   283.   13.5                          
  710.5   2937    7.3  -18.3   14  1.28   283.   13.4                          
  709.1   2953    7.1  -19.8   13  1.12   283.   13.4                          
  707.7   2970    7.1  -21.3   11  0.98   282.   13.3                          
  706.3   2986    7.0  -22.8   10  0.87   282.   13.3                          
  704.8   3002    7.0  -25.9    7  0.65   281.   13.3                          
  703.4   3020    7.0  -28.6    6  0.51   281.   13.3   T U                    
  702.0   3036    6.8  -29.3    6  0.48   280.   13.2         V D F            
  700.7   3051    6.8  -29.6    5  0.47   280.   13.2                          
  699.5   3065    6.6  -29.8    5  0.46   279.   13.2                          
  698.3   3079    6.6  -29.8    5  0.46   279.   13.2                          
  696.9   3095    6.4  -29.8    5  0.46   278.   13.2                          
  695.5   3112    6.3  -29.6    6  0.47   278.   13.2                          
  694.0   3130    6.1  -29.1    6  0.49   277.   13.2                          
  692.5   3147    6.0  -28.5    6  0.52   277.   13.2                          
  691.1   3164    6.0  -28.0    7  0.54   277.   13.2                          
  689.6   3181    5.9  -27.8    7  0.56   276.   13.2                          
  688.1   3199    5.6  -27.8    7  0.56   276.   13.2                          
  686.6   3217    5.6  -28.8    6  0.51   276.   13.2                          
  685.1   3235    5.6  -30.4    5  0.44   276.   13.2                          
  683.7   3252    5.5  -30.5    5  0.44   276.   13.2                          
  682.2   3269    5.3  -29.8    6  0.47   276.   13.2                          
  680.8   3287    5.1  -30.3    6  0.45   276.   13.2                          
  679.3   3304    5.0  -31.5    5  0.40   277.   13.2                          
  678.0   3320    4.9  -32.4    5  0.37   277.   13.2                          
  676.6   3336    4.8  -32.5    5  0.37   277.   13.2                          
  675.3   3352    4.6  -31.6    5  0.40   278.   13.2                          
  674.0   3368    4.6  -30.4    6  0.45   278.   13.2                          
  672.6   3385    4.5  -29.5    6  0.49   278.   13.2                          
  671.1   3403    4.3  -29.6    6  0.49   279.   13.3                          
  669.6   3421    4.1  -30.3    6  0.46   279.   13.3                          
  668.1   3439    4.1  -31.3    5  0.41   279.   13.3                          
  666.6   3458    4.1  -32.4    5  0.37   280.   13.4                          
  665.1   3475    4.0  -32.8    5  0.36   280.   13.4                          
  663.8   3492    3.9  -33.3    5  0.35   280.   13.5                          
  662.4   3509    3.8  -33.8    4  0.33   280.   13.6                          
  661.2   3524    3.6  -33.5    5  0.34   280.   13.6                          
  659.9   3540    3.6  -32.8    5  0.36   280.   13.7                          
  658.4   3557    3.6  -32.1    5  0.39   280.   13.8                          
  657.0   3575    3.5  -31.6    6  0.41   280.   13.8                          
  655.6   3593    3.3  -31.5    6  0.42   280.   13.9                          
  654.3   3609    3.1  -31.5    6  0.42   280.   14.0                          
  653.1   3623    3.1  -31.5    6  0.42   279.   14.1                          
  652.0   3637    3.0  -31.5    6  0.42   279.   14.2                          
  650.7   3653    2.8  -31.4    6  0.42   279.   14.3                          
  649.3   3671    2.6  -31.4    6  0.42   278.   14.3                          
  647.9   3688    2.5  -31.4    6  0.43   278.   14.4                          
  646.7   3703    2.3  -31.4    6  0.43   277.   14.5                          
  645.5   3718    2.1  -31.4    6  0.43   277.   14.6                          
  644.1   3735    2.0  -31.5    6  0.42   276.   14.7                          
  642.8   3752    1.9  -31.5    6  0.42   275.   14.8                          
  641.4   3769    1.6  -31.8    6  0.42   275.   14.9                          
  640.1   3785    1.6  -31.9    6  0.41   274.   15.0                          
  638.8   3802    1.6  -32.3    6  0.40   274.   15.1                          
  637.6   3817    1.5  -32.3    6  0.40   273.   15.2                          
  636.5   3831    1.4  -32.3    6  0.40   272.   15.3                          
  635.2   3847    1.3  -32.4    6  0.39   272.   15.4                          
  634.0   3863    1.1  -32.6    6  0.39   271.   15.5                          
  632.6   3880    1.1  -32.8    6  0.38   271.   15.5                          
  631.2   3898    1.0  -32.8    6  0.38   270.   15.6                          
  629.8   3916    0.9  -32.8    6  0.38   270.   15.7                          
  628.4   3934    0.8  -32.8    6  0.38   269.   15.8                          
  626.8   3953    0.6  -32.8    6  0.38   269.   15.8                          
  625.4   3972    0.5  -32.8    6  0.39   269.   15.9                          
  623.9   3991    0.3  -32.3    7  0.41   269.   15.9                          
  622.4   4011    0.1  -31.8    7  0.43   268.   16.0                          
  621.0   4029    0.1  -31.6    7  0.44   268.   16.0                          
  619.5   4047    0.1  -31.9    7  0.43   268.   16.1                          
  618.1   4066   -0.0  -32.3    7  0.41   268.   16.1                          
  616.6   4085   -0.1  -32.6    7  0.40   268.   16.1                          
  615.3   4103   -0.3  -32.8    6  0.39   268.   16.1                          
  614.2   4116   -0.3  -33.1    6  0.38   268.   16.2                          
  613.1   4131   -0.4  -33.3    6  0.38   268.   16.2                          
  611.8   4148   -0.4  -33.3    6  0.37   268.   16.2                          
  610.4   4167   -0.5  -33.3    6  0.38   268.   16.2                          
  608.9   4185   -0.6  -33.1    7  0.39   268.   16.2   T U                    
  607.6   4203   -0.9  -32.8    7  0.40   268.   16.1                          
  606.3   4220   -0.9  -32.5    7  0.41   268.   16.1                          
  604.9   4238   -1.1  -32.3    7  0.42   268.   16.1                          
  603.4   4258   -1.4  -32.1    7  0.43   268.   16.1                          
  602.0   4276   -1.4  -32.0    8  0.43   268.   16.1                          
  600.7   4294   -1.6  -31.9    8  0.44   268.   16.1                          
  599.3   4312   -1.9  -31.9    8  0.44   268.   16.0                          
  598.1   4329   -1.9  -31.8    8  0.44   268.   16.0                          
  596.8   4345   -2.1  -31.8    8  0.45   268.   16.0                          
  595.6   4361   -2.4  -31.8    8  0.45   268.   16.0                          
  594.5   4376   -2.4  -31.8    8  0.45   268.   15.9                          
  593.5   4389   -2.5  -31.8    9  0.45   268.   15.9                          
  592.6   4401   -2.6  -31.8    9  0.45   268.   15.9                          
  591.6   4415   -2.9  -31.8    9  0.45   268.   15.8                          
  590.6   4429   -2.9  -31.6    9  0.46   267.   15.8                          
  589.5   4443   -3.0  -31.6    9  0.46   267.   15.8                          
  588.3   4460   -3.3  -31.6    9  0.46   267.   15.8                          
  587.1   4475   -3.4  -31.5    9  0.46   267.   15.7                          
  586.1   4489   -3.5  -31.5    9  0.46   267.   15.7                          
  584.8   4506   -3.6  -31.4   10  0.47   267.   15.7                          
  583.5   4524   -3.9  -31.3   10  0.48   267.   15.7                          
  582.2   4541   -4.0  -31.1   10  0.49   267.   15.6                          
  580.9   4559   -4.3  -30.8   10  0.50   267.   15.6                          
  579.8   4574   -4.4  -30.6   11  0.51   267.   15.6                          
  578.7   4588   -4.4  -30.4   11  0.52   267.   15.5                          
  577.7   4602   -4.6  -30.4   11  0.52   267.   15.5                          
  576.6   4617   -4.8  -30.1   12  0.54   267.   15.5                          
  575.5   4632   -4.9  -29.5   13  0.57   267.   15.4                          
  574.6   4645   -5.0  -29.1   13  0.59   267.   15.4                          
  573.8   4656   -5.1  -29.0   13  0.60   267.   15.4                          
  573.1   4666   -5.1  -28.9   14  0.61   268.   15.3                          
  572.3   4676   -5.3  -28.9   14  0.61   268.   15.3                          
  571.3   4690   -5.4  -28.9   14  0.61   268.   15.2                          
  570.2   4705   -5.5  -28.9   14  0.61   269.   15.2                          
  569.2   4719   -5.6  -28.8   14  0.61   269.   15.1                          
  568.1   4734   -5.8  -28.8   14  0.63   269.   15.1                          
  566.9   4750   -5.9  -28.3   15  0.65   269.   15.1                          
  565.8   4766   -5.9  -27.9   16  0.68   270.   15.0                          
  564.7   4781   -6.1  -27.8   16  0.69   270.   15.0                          
  563.8   4793   -6.3  -27.8   16  0.69   270.   15.0                          
  562.9   4806   -6.4  -27.8   16  0.69   271.   14.9                          
  561.9   4819   -6.4  -27.8   17  0.69   271.   14.9                          
  560.8   4834   -6.5  -27.9   17  0.68   271.   14.9                          
  559.7   4851   -6.8  -28.0   17  0.68   272.   14.9                          
  558.5   4867   -6.9  -28.0   17  0.68   272.   14.8                          
  557.5   4881   -6.9  -28.0   17  0.68   272.   14.8                          
  556.6   4893   -7.0  -28.3   17  0.67   272.   14.8                          
  555.8   4905   -7.1  -28.4   17  0.66   272.   14.8                          
  554.7   4920   -7.3  -28.4   17  0.66   272.   14.8                          
  553.6   4935   -7.4  -28.3   17  0.66   272.   14.8                          
  552.6   4949   -7.5  -28.3   17  0.68   272.   14.8                          
  551.6   4964   -7.6  -28.3   17  0.67   272.   14.8   T U                    
  550.5   4979   -7.8  -28.8   17  0.65   272.   14.8                          
  549.5   4994   -7.9  -29.1   16  0.62   272.   14.8                          
  548.6   5006   -7.9  -29.4   16  0.61   271.   14.8                          
  547.7   5018   -8.0  -29.8   16  0.59   271.   14.8                          
  546.9   5030   -8.1  -30.5   15  0.55   271.   14.8                          
  546.2   5041   -8.1  -31.3   14  0.51   270.   14.8                          
  545.4   5051   -8.3  -32.1   13  0.47   270.   14.8                          
  544.6   5063   -8.3  -33.1   11  0.43   270.   14.8                          
  543.6   5078   -8.4  -34.4   10  0.38   269.   14.8                          
  542.4   5094   -8.4  -35.8    9  0.33   269.   14.8                          
  541.3   5110   -8.5  -36.8    8  0.30   269.   14.8                          
  540.2   5126   -8.6  -37.5    8  0.28   268.   14.8                          
  539.1   5142   -8.8  -37.8    7  0.27   268.   14.8   T U                    
  538.0   5157   -8.9  -37.8    8  0.27   267.   14.8                          
  536.9   5173   -8.9  -37.9    8  0.27   267.   14.8                          
  535.8   5189   -9.1  -38.1    8  0.27   267.   14.8                          
  534.9   5202   -9.3  -38.1    8  0.27   266.   14.8                          
  533.9   5216   -9.4  -38.3    8  0.27   266.   14.8                          
  532.9   5231   -9.4  -38.3    8  0.26   266.   14.8                          
  532.0   5245   -9.5  -38.3    8  0.26   266.   14.8                          
  531.0   5258   -9.6  -38.5    7  0.26   266.   14.8                          
  530.0   5273   -9.8  -38.8    7  0.25   265.   14.8                          
  529.2   5285   -9.9  -38.8    7  0.25   265.   14.8                          
  528.3   5297   -9.9  -38.8    7  0.25   265.   14.8                          
  527.4   5311  -10.0  -38.8    8  0.26   265.   14.8                          
  526.4   5326  -10.1  -38.6    8  0.26   265.   14.8                          
  525.2   5343  -10.4  -38.5    8  0.26   265.   14.9                          
  524.3   5356  -10.4  -38.5    8  0.26   265.   14.9                          
  523.5   5368  -10.5  -38.5    8  0.26   265.   14.9                          
  522.6   5381  -10.8  -38.4    8  0.26   265.   15.0                          
  521.7   5394  -10.9  -38.3    8  0.27   265.   15.0                          
  520.8   5408  -10.9  -38.3    9  0.27   265.   15.1                          
  519.8   5422  -11.0  -38.0    9  0.28   265.   15.1                          
  519.0   5435  -11.0  -38.0    9  0.28   265.   15.2                          
  518.2   5447  -11.1  -38.3    9  0.27   265.   15.3                          
  517.4   5458  -11.3  -38.4    9  0.27   265.   15.3                          
  516.7   5468  -11.4  -38.6    8  0.26   265.   15.4                          
  516.0   5479  -11.4  -38.9    8  0.26   265.   15.5                          
  515.2   5490  -11.4  -39.3    8  0.25   265.   15.6                          
  514.4   5503  -11.4  -39.3    8  0.25   265.   15.6                          
  513.4   5517  -11.6  -38.9    8  0.26   265.   15.7                          
  512.6   5530  -11.8  -38.6    9  0.26   265.   15.8                          
  511.7   5543  -11.9  -38.5    9  0.27   264.   15.9                          
  510.9   5554  -11.9  -38.3    9  0.27   264.   16.0                          
  510.0   5568  -12.0  -38.3    9  0.27   264.   16.0                          
  509.1   5581  -12.1  -38.3    9  0.27   263.   16.1                          
  508.2   5596  -12.3  -38.4    9  0.27   263.   16.2                          
  507.1   5612  -12.4  -38.4    9  0.27   263.   16.3                          
  506.2   5625  -12.5  -38.4   10  0.27   262.   16.4                          
  505.3   5638  -12.6  -38.4   10  0.27   262.   16.5                          
  504.4   5653  -12.9  -38.3   10  0.28   261.   16.6                          
  503.4   5668  -12.9  -38.3   10  0.28   261.   16.7                          
  502.3   5684  -13.1  -38.1   10  0.28   261.   16.8                          
  501.4   5699  -13.3  -38.0   11  0.29   260.   16.9                          
  500.5   5711  -13.4  -38.0   11  0.29   260.   17.0                          
  499.7   5724  -13.4  -38.1   11  0.28   259.   17.1                          
  498.8   5737  -13.6  -38.1   11  0.28   259.   17.2                          
  497.9   5751  -13.8  -38.3   11  0.28   259.   17.3                          
  496.9   5767  -13.9  -38.4   11  0.28   258.   17.4                          
  495.9   5782  -13.9  -38.8   10  0.27   258.   17.5                          
  495.1   5794  -14.0  -39.0   10  0.26   258.   17.6                          
  494.4   5805  -14.0  -39.3   10  0.25   257.   17.7                          
  493.6   5817  -14.1  -39.6   10  0.25   257.   17.9                          
  492.8   5829  -14.3  -39.8    9  0.24   257.   18.0                          
  492.1   5841  -14.3  -40.0    9  0.24   257.   18.1                          
  491.2   5854  -14.3  -40.4    9  0.23   256.   18.2         V D F            
  490.4   5867  -14.3  -40.6    9  0.22   256.   18.3                          
  489.6   5879  -14.3  -40.6    9  0.22   256.   18.5                          
  488.9   5890  -14.4  -40.6    9  0.22   256.   18.6                          
  488.2   5901  -14.4  -40.8    9  0.22   256.   18.7                          
  487.5   5911  -14.5  -40.8    9  0.22   256.   18.8                          
  486.8   5922  -14.8  -40.8    9  0.22   256.   18.9                          
  486.1   5934  -14.9  -40.8    9  0.22   256.   19.0                          
  485.4   5945  -14.9  -40.8    9  0.22   256.   19.1                          
  484.7   5955  -15.0  -40.9    9  0.22   256.   19.2                          
  483.9   5968  -15.1  -40.9    9  0.22   256.   19.3                          
  483.0   5982  -15.3  -40.9    9  0.22   256.   19.4                          
  482.1   5995  -15.4  -40.9    9  0.22   256.   19.5                          
  481.3   6008  -15.5  -41.0    9  0.22   257.   19.6                          
  480.5   6021  -15.6  -41.0    9  0.22   257.   19.7                          
  479.6   6035  -15.8  -41.1    9  0.22   257.   19.8                          
  478.6   6050  -15.9  -41.3    9  0.22   257.   19.9                          
  477.7   6065  -15.9  -41.3    9  0.22   257.   20.0                          
  476.8   6079  -16.0  -41.3    9  0.21   258.   20.0                          
  475.9   6093  -16.1  -41.3   10  0.21   258.   20.1                          
  475.1   6106  -16.4  -41.3   10  0.22   258.   20.2   T U                    
  474.3   6118  -16.4  -41.1   10  0.22   259.   20.3                          
  473.5   6132  -16.4  -40.9   10  0.22   259.   20.3                          
  472.5   6146  -16.5  -41.0   10  0.22   259.   20.4                          
  471.6   6162  -16.6  -41.1   10  0.22   260.   20.5                          
  470.7   6176  -16.9  -41.3   10  0.22   260.   20.5                          
  470.0   6187  -16.9  -41.5   10  0.21   261.   20.6                          
  469.3   6198  -16.9  -41.8   10  0.21   261.   20.6                          
  468.5   6210  -16.9  -42.0    9  0.20   262.   20.7                          
  467.8   6223  -17.0  -42.3    9  0.20   262.   20.8                          
  467.0   6234  -17.1  -42.5    9  0.19   263.   20.8                          
  466.3   6245  -17.1  -42.5    9  0.19   263.   20.9                          
  465.6   6257  -17.1  -42.3    9  0.20   263.   20.9                          
  464.8   6271  -17.1  -41.8   10  0.21   264.   21.0                          
  464.0   6284  -17.3  -41.4   10  0.22   264.   21.0                          
  463.2   6297  -17.3  -41.3   10  0.22   265.   21.1                          
  462.3   6310  -17.3  -41.3   11  0.22   265.   21.1                          
  461.5   6323  -17.4  -41.3   11  0.22   266.   21.2                          
  460.8   6335  -17.5  -41.3   11  0.22   266.   21.2                          
  460.2   6345  -17.6  -41.3   11  0.22   267.   21.3                          
  459.6   6355  -17.8  -41.4   11  0.22   267.   21.3                          
  459.0   6364  -17.8  -41.4   11  0.22   268.   21.4                          
  458.4   6375  -17.9  -41.4   11  0.22   268.   21.4                          
  457.6   6387  -18.0  -41.5   11  0.22   269.   21.4                          
  456.9   6399  -18.1  -41.5   11  0.22   269.   21.5                          
  456.2   6410  -18.3  -41.5   11  0.22   269.   21.5                          
  455.5   6422  -18.3  -41.5   11  0.22   270.   21.5                          
  454.6   6436  -18.4  -41.5   11  0.22   270.   21.6                          
  453.8   6450  -18.5  -41.5   11  0.22   271.   21.6                          
  452.9   6465  -18.8  -41.5   12  0.22   271.   21.7                          
  452.1   6478  -18.8  -41.5   12  0.22   271.   21.7                          
  451.3   6490  -18.9  -41.5   12  0.22   272.   21.8                          
  450.5   6504  -19.0  -41.6   12  0.22   272.   21.8                          
  449.6   6518  -19.3  -41.6   12  0.22   272.   21.9                          
  448.8   6531  -19.3  -41.8   12  0.22   273.   22.0         V D F            
  448.0   6545  -19.4  -41.8   12  0.22   273.   22.1                          
  447.2   6558  -19.5  -41.8   12  0.22   273.   22.2                          
  446.3   6573  -19.6  -41.5   12  0.22   273.   22.3                          
  445.3   6590  -19.8  -41.4   13  0.23   273.   22.4                          
  444.3   6607  -19.8  -41.4   13  0.23   273.   22.5                          
  443.5   6620  -19.9  -41.4   13  0.23   273.   22.6                          
  442.8   6632  -20.0  -41.4   13  0.23   273.   22.7                          
  442.0   6645  -20.0  -41.4   13  0.23   273.   22.8                          
  441.3   6658  -20.1  -41.4   13  0.23   273.   23.0                          
  440.4   6671  -20.3  -41.5   13  0.23   273.   23.1                          
  439.6   6686  -20.3  -41.1   14  0.24   273.   23.2                          
  438.8   6699  -20.3  -40.8   14  0.25   273.   23.3                          
  437.9   6714  -20.4  -40.4   15  0.26   273.   23.4                          
  437.2   6726  -20.6  -40.3   16  0.26   272.   23.5                          
  436.4   6739  -20.6  -40.1   16  0.27   272.   23.7                          
  435.5   6754  -20.8  -40.0   16  0.27   272.   23.8                          
  434.7   6769  -20.9  -39.9   17  0.27   271.   23.8   T U                    
  433.9   6782  -20.9  -40.1   16  0.27   271.   23.9                          
  433.2   6794  -20.8  -41.4   14  0.24   270.   24.0                          
  432.5   6806  -20.8  -43.5   11  0.19   270.   24.0                          
  431.8   6817  -20.8  -44.9   10  0.16   269.   24.1                          
  431.2   6829  -20.8  -45.8    9  0.15   269.   24.1                          
  430.3   6843  -20.9  -46.8    8  0.13   268.   24.1                          
  429.5   6857  -21.0  -48.4    7  0.11   268.   24.2                          
  428.8   6869  -21.0  -50.0    6  0.09   267.   24.2                          
  428.1   6881  -21.0  -51.8    5  0.08   267.   24.1                          
  427.4   6893  -21.0  -53.1    4  0.06   266.   24.1                          
  426.8   6903  -21.1  -54.1    3  0.06   265.   24.1                          
  426.2   6913  -21.1  -54.9    3  0.05   265.   24.0                          
  425.5   6925  -21.0  -55.5    3  0.05   264.   24.0                          
  424.8   6938  -21.0  -56.0    3  0.05   264.   23.9                          
  424.1   6950  -20.9  -56.3    3  0.05   263.   23.9                          
  423.4   6963  -20.9  -55.5    3  0.05   263.   23.8                          
  422.5   6978  -21.0  -54.8    3  0.05   262.   23.7                          
  421.7   6993  -21.1  -53.9    4  0.06   262.   23.6                          
  420.9   7006  -21.3  -53.4    4  0.06   261.   23.5                          
  420.1   7019  -21.3  -53.4    4  0.06   261.   23.5   T U                    
  419.4   7033  -21.5  -53.4    4  0.06   260.   23.4                          
  418.7   7046  -21.6  -53.3    4  0.06   260.   23.3                          
  418.0   7057  -21.8  -53.4    4  0.06   260.   23.2                          
  417.4   7068  -21.8  -53.4    4  0.06   259.   23.1                          
  416.7   7081  -21.9  -53.3    4  0.07   259.   23.1                          
  415.9   7094  -22.0  -53.0    4  0.07   258.   23.0                          
  415.3   7106  -22.1  -52.9    4  0.07   258.   22.9                          
  414.7   7116  -22.3  -52.8    5  0.07   258.   22.9                          
  414.1   7125  -22.3  -52.8    5  0.07   258.   22.8                          
  413.6   7135  -22.4  -52.5    5  0.07   257.   22.8                          
  413.1   7144  -22.5  -52.3    5  0.07   257.   22.7                          
  412.6   7152  -22.5  -51.8    5  0.08   257.   22.7                          
  412.1   7162  -22.6  -51.4    6  0.08   257.   22.7                          
  411.5   7173  -22.8  -51.3    6  0.08   256.   22.6                          
  410.8   7185  -22.8  -51.3    6  0.08   256.   22.6                          
  410.1   7197  -22.9  -51.4    6  0.08   256.   22.6                          
  409.4   7210  -23.1  -51.4    6  0.08   256.   22.6                          
  408.7   7222  -23.3  -51.4    6  0.08   255.   22.6                          
  408.1   7233  -23.3  -51.3    6  0.08   255.   22.5                          
  407.3   7248  -23.4  -51.3    6  0.08   255.   22.5                          
  406.5   7262  -23.6  -51.3    6  0.08   255.   22.5                          
  405.7   7275  -23.8  -50.9    6  0.09   255.   22.5                          
  405.0   7288  -23.8  -50.6    7  0.09   254.   22.5                          
  404.4   7300  -23.9  -50.5    7  0.09   254.   22.4                          
  403.7   7312  -24.0  -50.5    7  0.09   254.   22.4                          
  403.0   7326  -24.3  -50.4    7  0.09   254.   22.4                          
  402.3   7338  -24.3  -50.4    7  0.09   254.   22.4                          
  401.6   7350  -24.4  -50.5    7  0.09   253.   22.4                          
  400.9   7362  -24.5  -50.5    7  0.09   253.   22.4                          
  400.3   7374  -24.6  -50.3    7  0.10   253.   22.4                          
  399.6   7387  -24.8  -50.0    8  0.10   253.   22.4                          
  398.8   7400  -24.9  -50.3    8  0.10   253.   22.4                          
  398.1   7413  -25.0  -50.1    8  0.10   252.   22.5                          
  397.5   7425  -25.1  -50.1    8  0.10   252.   22.5                          
  396.8   7438  -25.3  -50.1    8  0.10   252.   22.6                          
  396.0   7453  -25.4  -50.1    8  0.10   252.   22.6                          
  395.1   7469  -25.6  -50.3    8  0.10   251.   22.7                          
  394.3   7483  -25.8  -50.3    8  0.10   251.   22.8                          
  393.6   7497  -25.8  -50.3    8  0.10   251.   22.9                          
  392.8   7511  -25.9  -50.3    8  0.10   251.   23.0                          
  392.0   7526  -26.1  -50.3    9  0.10   251.   23.1                          
  391.1   7543  -26.3  -50.3    9  0.10   250.   23.3                          
  390.2   7559  -26.4  -50.1    9  0.10   250.   23.4                          
  389.4   7574  -26.6  -50.1    9  0.10   250.   23.6                          
  388.6   7588  -26.8  -50.1    9  0.10   250.   23.7                          
  387.9   7601  -26.8  -50.1    9  0.10   250.   23.9                          
  387.2   7615  -26.9  -50.1    9  0.10   250.   24.1                          
  386.4   7630  -27.1  -50.0   10  0.10   249.   24.3         V D F            
  385.5   7646  -27.3  -50.0   10  0.10   249.   24.4                          
  384.7   7661  -27.4  -49.9   10  0.10   249.   24.6                          
  383.9   7677  -27.5  -49.8   10  0.11   249.   24.8                          
  382.9   7695  -27.8  -49.6   11  0.11   249.   25.0                          
  382.1   7711  -27.8  -49.3   11  0.11   249.   25.2                          
  381.3   7726  -27.9  -49.0   12  0.12   249.   25.3                          
  380.6   7738  -28.0  -48.8   12  0.12   249.   25.5                          
  379.9   7751  -28.0  -48.5   12  0.12   249.   25.7                          
  379.2   7764  -28.1  -48.3   13  0.13   249.   25.8                          
  378.5   7778  -28.3  -48.1   13  0.13   249.   25.9                          
  377.8   7791  -28.4  -48.1   13  0.13   249.   26.1                          
  377.2   7803  -28.5  -48.1   14  0.13   249.   26.2                          
  376.5   7816  -28.6  -48.0   14  0.13   249.   26.3                          
  375.8   7829  -28.8  -48.0   14  0.13   249.   26.4                          
  375.1   7842  -28.9  -48.0   14  0.13   249.   26.5                          
  374.5   7854  -29.0  -48.0   14  0.13   249.   26.5                          
  373.9   7865  -29.1  -47.9   15  0.13   249.   26.6                          
  373.3   7877  -29.3  -47.8   15  0.14   249.   26.7                          
  372.6   7889  -29.3  -47.8   15  0.14   250.   26.7                          
  372.0   7903  -29.4  -47.8   15  0.14   250.   26.7                          
  371.3   7916  -29.5  -47.8   15  0.14   250.   26.8                          
  370.6   7929  -29.6  -48.0   15  0.14   250.   26.8                          
  369.9   7943  -29.8  -48.3   15  0.13   250.   26.8                          
  369.2   7956  -29.8  -48.3   15  0.13   251.   26.8                          
  368.6   7968  -29.9  -48.3   15  0.13   251.   26.8                          
  367.9   7980  -30.1  -48.3   16  0.13   251.   26.9                          
  367.3   7992  -30.1  -48.3   16  0.13   251.   26.9                          
  366.8   8003  -30.3  -48.4   15  0.13   251.   26.9                          
  366.2   8014  -30.3  -48.5   15  0.13   252.   26.9                          
  365.6   8026  -30.4  -48.6   15  0.13   252.   26.9                          
  364.9   8040  -30.6  -48.8   16  0.13   252.   26.9                          
  364.2   8054  -30.8  -48.8   16  0.13   252.   26.9                          
  363.5   8066  -30.8  -48.8   16  0.13   253.   26.9                          
  362.8   8079  -30.9  -48.8   16  0.13   253.   27.0                          
  362.2   8091  -31.0  -48.8   16  0.13   253.   27.0                          
  361.7   8102  -31.1  -48.9   16  0.12   253.   27.0                          
  361.1   8113  -31.3  -48.9   16  0.12   253.   27.0                          
  360.5   8125  -31.3  -49.0   16  0.12   254.   27.1                          
  359.8   8139  -31.5  -49.0   16  0.12   254.   27.1                          
  359.2   8151  -31.6  -49.0   16  0.12   254.   27.1                          
  358.5   8164  -31.8  -49.0   17  0.12   254.   27.2                          
  357.9   8177  -31.8  -49.1   17  0.12   254.   27.2                          
  357.2   8190  -31.9  -49.3   17  0.12   254.   27.2                          
  356.5   8203  -32.0  -49.3   17  0.12   255.   27.3                          
  355.8   8217  -32.1  -49.4   17  0.12   255.   27.3                          
  355.1   8231  -32.3  -49.4   17  0.12   255.   27.3                          
  354.4   8246  -32.4  -49.4   17  0.12   255.   27.3                          
  353.6   8261  -32.5  -49.3   17  0.12   255.   27.4                          
  352.9   8275  -32.8  -49.3   18  0.12   255.   27.4                          
  352.3   8288  -32.8  -49.3   18  0.12   256.   27.4   T U                    
  351.7   8299  -32.9  -49.0   19  0.13   256.   27.4                          
  351.2   8310  -33.0  -48.9   19  0.13   256.   27.5                          
  350.6   8320  -33.1  -48.9   19  0.13   256.   27.5                          
  350.0   8333  -33.3  -48.9   19  0.13   256.   27.5                          
  349.3   8347  -33.3  -48.9   20  0.13   256.   27.5                          
  348.6   8362  -33.5  -48.8   20  0.13   257.   27.5                          
  347.9   8375  -33.6  -48.3   22  0.14   257.   27.5                          
  347.2   8390  -33.8  -48.3   22  0.14   257.   27.5                          
  346.5   8405  -33.9  -48.3   22  0.14   257.   27.5                          
  345.8   8419  -34.0  -48.1   23  0.14   257.   27.5                          
  345.1   8433  -34.1  -48.0   24  0.14   258.   27.5                          
  344.3   8448  -34.3  -47.8   25  0.15   258.   27.5                          
  343.6   8462  -34.4  -47.5   26  0.15   258.   27.5                          
  342.9   8477  -34.5  -47.3   27  0.16   258.   27.5                          
  342.2   8491  -34.6  -47.0   28  0.16   258.   27.5                          
  341.6   8504  -34.8  -46.8   29  0.17   259.   27.5                          
  340.9   8517  -34.8  -46.5   30  0.17   259.   27.5                          
  340.3   8531  -34.9  -46.5   30  0.17   259.   27.4                          
  339.5   8546  -35.1  -46.5   31  0.17   259.   27.4                          
  338.8   8561  -35.3  -46.6   31  0.17   260.   27.4                          
  338.2   8574  -35.4  -46.6   31  0.17   260.   27.4                          
  337.6   8586  -35.5  -46.5   32  0.17   260.   27.4                          
  336.9   8600  -35.6  -46.3   33  0.18   261.   27.4                          
  336.2   8613  -35.8  -46.3   34  0.18   261.   27.4                          
  335.6   8627  -35.8  -46.0   35  0.18   261.   27.4                          
  335.0   8638  -35.9  -46.0   35  0.19   261.   27.4                          
  334.5   8650  -36.0  -45.9   36  0.19   262.   27.4                          
  333.9   8662  -36.1  -45.8   37  0.19   262.   27.5                          
  333.3   8675  -36.3  -45.8   37  0.19   262.   27.5                          
  332.7   8688  -36.3  -45.8   38  0.19   262.   27.5                          
  332.0   8701  -36.5  -45.8   38  0.19   263.   27.5                          
  331.4   8714  -36.6  -45.8   39  0.19   263.   27.5                          
  330.8   8727  -36.8  -45.8   39  0.19   263.   27.6                          
  330.2   8739  -36.8  -45.8   39  0.19   263.   27.6                          
  329.6   8752  -37.0  -45.9   40  0.19   264.   27.6                          
  329.1   8763  -37.1  -45.9   40  0.19   264.   27.7                          
  328.5   8774  -37.3  -46.0   40  0.19   264.   27.7                          
  328.0   8785  -37.3  -46.1   40  0.19   264.   27.7                          
  327.6   8794  -37.4  -46.3   39  0.18   265.   27.8                          
  327.1   8804  -37.4  -46.3   39  0.18   265.   27.8                          
  326.6   8815  -37.5  -46.4   39  0.18   265.   27.8                          
  326.0   8827  -37.8  -46.5   40  0.18   265.   27.9                          
  325.5   8839  -37.8  -46.5   40  0.18   265.   27.9                          
  324.9   8850  -37.9  -46.4   41  0.18   265.   28.0                          
  324.4   8862  -38.0  -46.5   41  0.18   265.   28.0                          
  323.9   8872  -38.1  -46.5   41  0.18   265.   28.1                          
  323.4   8883  -38.3  -46.4   43  0.18   265.   28.1                          
  322.8   8896  -38.4  -46.3   44  0.19   265.   28.2                          
  322.2   8909  -38.5  -46.3   45  0.19   266.   28.2                          
  321.6   8922  -38.6  -45.9   46  0.19   266.   28.2                          
  321.0   8933  -38.8  -45.4   49  0.21   265.   28.3                          
  320.5   8945  -38.8  -45.0   52  0.22   265.   28.3                          
  319.9   8957  -38.9  -44.8   54  0.22   265.   28.4                          
  319.4   8969  -39.0  -44.5   56  0.23   265.   28.4                          
  318.8   8980  -39.1  -44.4   57  0.23   265.   28.4                          
  318.4   8991  -39.3  -44.4   58  0.23   265.   28.5                          
  317.8   9002  -39.3  -44.3   59  0.23   265.   28.5                          
  317.2   9015  -39.5  -44.3   61  0.24   265.   28.6                          
  316.6   9027  -39.6  -44.3   62  0.24   265.   28.6                          
  316.1   9040  -39.8  -44.3   62  0.24   265.   28.6                          
  315.4   9054  -39.8  -44.3   62  0.24   265.   28.7                          
  314.7   9069  -39.9  -44.3   63  0.24   264.   28.7                          
  314.1   9082  -40.1  -44.3   64  0.24   264.   28.7                          
  313.5   9095  -40.3  -44.3   65  0.24   264.   28.8   T U                    
  312.9   9109  -40.3  -44.3   66  0.24   264.   28.8                          
  312.3   9122  -40.4  -44.3   67  0.24   264.   28.9                          
  311.7   9136  -40.5  -44.1   69  0.24   264.   28.9                          
  311.1   9148  -40.6  -43.9   71  0.25   264.   28.9                          
  310.5   9160  -40.8  -43.6   74  0.26   264.   29.0                          
  309.9   9173  -40.8  -43.6   75  0.26   264.   29.0     U                    
  309.3   9186  -40.8  -43.8   74  0.26   264.   29.0                          
  308.7   9200  -40.9  -44.0   72  0.25   264.   29.1                          
  308.1   9214  -41.0  -44.3   71  0.24   264.   29.1                          
  307.5   9227  -41.1  -44.4   70  0.24   264.   29.1                          
  306.9   9241  -41.0  -44.8   68  0.23   264.   29.1                          
  306.2   9255  -41.1  -45.3   64  0.22   264.   29.1                          
  305.6   9270  -41.3  -45.8   62  0.21   264.   29.1                          
  305.0   9283  -41.4  -46.0   61  0.20   264.   29.1                          
  304.4   9296  -41.5  -46.3   60  0.20   264.   29.1                          
  303.8   9310  -41.6  -46.5   59  0.19   264.   29.1                          
  303.1   9324  -41.8  -46.8   58  0.19   264.   29.1                          
  302.5   9337  -41.8  -47.1   56  0.18   264.   29.1                          
  302.0   9349  -41.9  -47.4   56  0.18   264.   29.1                          
  301.5   9361  -42.0  -47.5   55  0.17   265.   29.0                          
  301.0   9372  -42.1  -47.8   55  0.17   265.   29.0                          
  300.4   9385  -42.3  -47.8   55  0.17   265.   29.0                          
  299.8   9400  -42.3  -48.0   54  0.17   265.   28.9     U                    
  299.1   9415  -42.5  -48.1   54  0.16   266.   28.9                          
  298.4   9430  -42.8  -48.3   55  0.16   266.   28.8                          
  297.8   9445  -42.8  -48.3   55  0.16   266.   28.8                          
  297.1   9459  -43.0  -48.4   56  0.16   266.   28.7                          
  296.6   9472  -43.1  -48.5   55  0.16   267.   28.6                          
  296.0   9486  -43.3  -48.8   55  0.15   267.   28.6                          
  295.4   9499  -43.4  -48.8   55  0.15   267.   28.5                          
  294.8   9512  -43.5  -48.6   57  0.16   268.   28.5                          
  294.3   9524  -43.5  -48.4   59  0.16   268.   28.4                          
  293.8   9536  -43.6  -48.3   60  0.16   269.   28.4                          
  293.2   9548  -43.6  -48.4   60  0.16   269.   28.3                          
  292.7   9559  -43.8  -48.4   60  0.16   269.   28.3                          
  292.3   9571  -43.9  -48.5   60  0.16   270.   28.3                          
  291.7   9583  -43.9  -48.6   60  0.16   270.   28.3                          
  291.2   9595  -44.0  -48.8   59  0.16   270.   28.3                          
  290.6   9608  -44.1  -48.9   59  0.15   271.   28.3                          
  290.1   9620  -44.1  -49.0   59  0.15   271.   28.3                          
  289.6   9631  -44.3  -49.0   59  0.15   271.   28.3         V D F            
  289.1   9643  -44.3  -49.3   58  0.15   271.   28.4                          
  288.6   9656  -44.5  -49.5   58  0.15   271.   28.4                          
  288.0   9670  -44.6  -49.6   58  0.14   271.   28.5                          
  287.4   9683  -44.8  -49.8   58  0.14   272.   28.5                          
  286.8   9697  -44.8  -49.8   58  0.14   272.   28.6                          
  286.2   9711  -45.0  -49.9   58  0.14   272.   28.7                          
  285.7   9724  -45.1  -49.9   59  0.14   272.   28.9                          
  285.1   9736  -45.3  -49.9   59  0.14   272.   29.0                          
  284.5   9750  -45.3  -50.0   60  0.14   271.   29.1                          
  284.0   9762  -45.5  -50.0   60  0.14   271.   29.3                          
  283.4   9776  -45.6  -50.1   61  0.14   271.   29.4                          
  282.8   9789  -45.8  -50.3   61  0.14   271.   29.6                          
  282.2   9804  -45.9  -50.3   61  0.13   271.   29.8                          
  281.6   9819  -46.0  -50.5   60  0.13   270.   30.0                          
  281.0   9834  -46.1  -50.8   60  0.13   270.   30.2   T U                    
  280.3   9848  -46.1  -51.0   58  0.13   270.   30.4                          
  279.7   9864  -46.3  -51.5   55  0.12   270.   30.6                          
  279.1   9879  -46.3  -52.3   52  0.11   269.   30.9                          
  278.5   9892  -46.4  -52.8   49  0.10   269.   31.1                          
  278.0   9904  -46.5  -53.3   46  0.10   268.   31.4                          
  277.4   9917  -46.6  -53.8   45  0.09   268.   31.6                          
  276.9   9930  -46.8  -54.1   43  0.09   268.   31.9                          
  276.4   9943  -46.8  -54.6   41  0.08   267.   32.1                          
  275.8   9956  -46.8  -55.4   37  0.08   267.   32.4                          
  275.2   9971  -46.9  -56.4   33  0.07   266.   32.7                          
  274.6   9985  -46.9  -57.3   30  0.06   266.   33.0                          
  274.0  10001  -46.9  -58.0   28  0.06   266.   33.3                          
  273.3  10017  -46.9  -58.8   25  0.05   265.   33.6                          
  272.6  10033  -46.8  -59.3   23  0.05   265.   33.9                          
  272.0  10049  -46.8  -60.0   21  0.04   264.   34.2                          
  271.4  10063  -46.6  -60.8   19  0.04   264.   34.5                          
  270.9  10076  -46.6  -61.3   18  0.04   264.   34.8   T U                    
  270.4  10089  -46.8  -61.8   17  0.04   263.   35.0                          
  269.8  10102  -46.8  -62.1   16  0.03   263.   35.3                          
  269.3  10115  -46.9  -62.3   16  0.03   262.   35.6                          
  268.8  10128  -47.1  -62.5   16  0.03   262.   35.9                          
  268.2  10142  -47.1  -62.6   16  0.03   262.   36.1                          
  267.7  10155  -47.1  -62.8   16  0.03   261.   36.4                          
  267.1  10169  -47.1  -63.0   15  0.03   261.   36.7                          
  266.6  10182  -47.1  -63.3   14  0.03   260.   36.9                          
  266.1  10193  -47.1  -63.8   14  0.03   260.   37.1                          
  265.7  10204  -47.1  -64.0   13  0.03   260.   37.4                          
  265.2  10217  -47.0  -64.4   12  0.03   259.   37.6                          
  264.6  10231  -46.9  -64.9   11  0.02   259.   37.8                          
  264.1  10245  -47.0  -65.8   10  0.02   258.   38.0                          
  263.5  10258  -47.1  -66.3   10  0.02   258.   38.1                          
  263.0  10271  -47.3  -66.8    9  0.02   258.   38.3                          
  262.5  10285  -47.3  -67.3    9  0.02   257.   38.5                          
  262.0  10297  -47.4  -67.5    8  0.02   257.   38.6                          
  261.5  10309  -47.4  -67.8    8  0.02   256.   38.7                          
  260.9  10323  -47.5  -68.1    8  0.02   256.   38.9                          
  260.4  10337  -47.6  -68.4    8  0.02   256.   39.0                          
  259.9  10350  -47.8  -68.6    8  0.01   255.   39.1                          
  259.4  10363  -47.8  -68.8    7  0.01   255.   39.2                          
  258.8  10377  -47.8  -69.0    7  0.01   254.   39.3                          
  258.3  10391  -47.9  -69.3    7  0.01   254.   39.4                          
  257.8  10403  -47.9  -69.3    7  0.01   254.   39.4                          
  257.4  10414  -47.9  -69.4    7  0.01   253.   39.5                          
  256.9  10426  -47.9  -69.5    7  0.01   253.   39.6         V D F            
  256.5  10438  -48.0  -69.6    7  0.01   252.   39.6                          
  255.9  10451  -48.1  -69.8    7  0.01   252.   39.7                          
  255.4  10464  -48.1  -69.8    7  0.01   252.   39.7                          
  254.9  10477  -48.3  -69.9    7  0.01   251.   39.8                          
  254.4  10490  -48.3  -70.0    7  0.01   251.   39.8                          
  253.9  10503  -48.4  -70.1    7  0.01   251.   39.8                          
  253.4  10516  -48.5  -70.1    7  0.01   250.   39.9                          
  252.9  10530  -48.5  -70.3    7  0.01   250.   39.9                          
  252.4  10542  -48.5  -70.3    7  0.01   250.   39.9                          
  252.0  10554  -48.5  -70.3    7  0.01   249.   40.0                          
  251.4  10568  -48.6  -70.3    7  0.01   249.   40.0                          
  250.9  10582  -48.8  -70.3    7  0.01   249.   40.0                          
  250.4  10596  -48.8  -70.4    7  0.01   249.   40.0                          
  249.9  10609  -48.8  -70.5    7  0.01   249.   40.0                          
  249.3  10623  -48.9  -70.5    7  0.01   248.   40.0                          
  248.8  10638  -48.9  -70.6    7  0.01   248.   40.0                          
  248.3  10651  -49.0  -70.6    7  0.01   248.   40.0                          
  247.7  10665  -49.1  -70.8    7  0.01   248.   40.1                          
  247.2  10679  -49.3  -70.8    7  0.01   248.   40.1                          
  246.7  10693  -49.3  -70.8    7  0.01   248.   40.1                          
  246.2  10706  -49.4  -70.9    7  0.01   248.   40.1                          
  245.7  10720  -49.5  -70.9    7  0.01   248.   40.1                          
  245.2  10733  -49.6  -70.9    7  0.01   248.   40.1                          
  244.7  10746  -49.6  -71.0    7  0.01   248.   40.1                          
  244.2  10759  -49.8  -71.0    7  0.01   248.   40.1                          
  243.7  10773  -49.8  -71.1    7  0.01   248.   40.1                          
  243.2  10786  -49.8  -71.1    7  0.01   248.   40.1                          
  242.7  10800  -49.8  -71.3    7  0.01   248.   40.1                          
  242.2  10813  -49.9  -71.3    7  0.01   248.   40.1                          
  241.7  10825  -50.0  -71.3    7  0.01   248.   40.1                          
  241.3  10838  -50.1  -71.3    7  0.01   248.   40.2                          
  240.8  10852  -50.3  -71.4    7  0.01   248.   40.2                          
  240.3  10865  -50.3  -71.5    7  0.01   248.   40.2                          
  239.9  10877  -50.3  -71.6    7  0.01   248.   40.3                          
  239.4  10889  -50.3  -71.6    7  0.01   248.   40.3                          
  239.0  10901  -50.4  -71.6    7  0.01   247.   40.4                          
  238.5  10913  -50.4  -71.8    7  0.01   247.   40.4                          
  238.0  10926  -50.4  -71.8    7  0.01   247.   40.5                          
  237.6  10939  -50.4  -71.8    7  0.01   247.   40.5                          
  237.1  10953  -50.3  -71.9    6  0.01   247.   40.6                          
  236.6  10966  -50.3  -72.0    6  0.01   247.   40.7                          
  236.1  10979  -50.3  -72.3    6  0.01   247.   40.8                          
  235.6  10992  -50.4  -72.3    6  0.01   247.   40.9                          
  235.2  11005  -50.4  -72.4    6  0.01   247.   41.0                          
  234.7  11019  -50.3  -72.6    6  0.01   246.   41.0                          
  234.2  11032  -50.3  -72.8    6  0.01   246.   41.1                          
  233.7  11045  -50.3  -72.8    6  0.01   246.   41.2                          
  233.2  11059  -50.3  -73.0    5  0.01   246.   41.3                          
  232.7  11073  -50.3  -73.1    5  0.01   246.   41.4                          
  232.2  11087  -50.4  -73.3    5  0.01   245.   41.5                          
  231.8  11100  -50.4  -73.4    5  0.01   245.   41.6                          
  231.3  11112  -50.3  -73.5    5  0.01   245.   41.7                          
  230.9  11124  -50.3  -73.6    5  0.01   245.   41.7                          
  230.5  11136  -50.4  -73.8    5  0.01   245.   41.8                          
  230.0  11149  -50.5  -73.8    5  0.01   245.   41.8                          
  229.6  11163  -50.5  -73.8    5  0.01   245.   41.9                          
  229.1  11175  -50.6  -73.9    5  0.01   244.   41.9                          
  228.7  11187  -50.8  -74.0    5  0.01   244.   42.0                          
  228.3  11199  -50.8  -74.0    5  0.01   244.   42.0                          
  227.9  11211  -50.8  -74.0    5  0.01   244.   42.0                          
  227.5  11223  -50.8  -74.0    5  0.01   244.   42.0                          
  227.0  11235  -50.8  -74.0    5  0.01   244.   42.0                          
  226.6  11247  -50.8  -74.0    5  0.01   244.   42.0                          
  226.2  11259  -50.9  -74.0    5  0.01   244.   41.9                          
  225.7  11272  -50.9  -74.0    5  0.01   244.   41.9                          
  225.3  11286  -51.0  -74.1    5  0.01   244.   41.9                          
  224.8  11298  -51.0  -74.1    5  0.01   244.   41.8                          
  224.4  11310  -51.0  -74.1    5  0.01   244.   41.7                          
  224.0  11322  -51.0  -74.1    5  0.01   244.   41.7                          
  223.6  11335  -51.1  -74.3    5  0.01   244.   41.6                          
  223.1  11348  -51.1  -74.3    5  0.01   244.   41.5                          
  222.7  11360  -51.1  -74.3    5  0.01   244.   41.4                          
  222.3  11371  -51.1  -74.3    5  0.01   244.   41.3                          
  221.9  11383  -51.1  -74.4    5  0.01   244.   41.2                          
  221.5  11396  -51.3  -74.5    5  0.01   244.   41.1                          
  221.0  11409  -51.3  -74.6    5  0.01   245.   41.0                          
  220.6  11422  -51.4  -74.6    5  0.01   245.   40.9                          
  220.2  11434  -51.4  -74.8    5  0.01   245.   40.9                          
  219.8  11447  -51.5  -74.8    5  0.01   245.   40.8                          
  219.3  11460  -51.6  -74.9    5  0.01   245.   40.7                          
  218.9  11473  -51.8  -75.0    5  0.01   245.   40.6                          
  218.4  11485  -51.8  -75.0    5  0.01   245.   40.5                          
  218.0  11498  -51.8  -75.1    5  0.01   245.   40.5                          
  217.6  11510  -51.9  -75.1    5  0.01   245.   40.4                          
  217.2  11522  -51.9  -75.3    5  0.01   245.   40.3                          
  216.8  11534  -52.0  -75.3    5  0.01   245.   40.3   T U         TP         
  216.4  11547  -52.0  -75.3    5  0.01   245.   40.2                          
  216.0  11559  -51.9  -75.3    5  0.01   245.   40.2                          
  215.6  11571  -51.9  -75.3    5  0.01   245.   40.1                          
  215.2  11583  -51.9  -75.4    5  0.01   245.   40.1                          
  214.8  11595  -51.9  -75.5    5  0.01   245.   40.1                          
  214.4  11607  -51.9  -75.6    5  0.01   245.   40.0                          
  214.0  11619  -51.9  -75.8    4  0.01   245.   40.0                          
  213.6  11631  -52.0  -75.8    4  0.01   245.   40.0                          
  213.1  11644  -52.0  -75.9    4  0.01   245.   40.0                          
  212.7  11656  -52.1  -76.0    4  0.01   245.   40.0                          
  212.4  11668  -52.1  -76.1    4  0.01   245.   40.0                          
  212.0  11680  -52.1  -76.3    4  0.01   245.   40.0                          
  211.5  11693  -52.3  -76.3    4  0.01   245.   40.0                          
  211.1  11705  -52.3  -76.4    4  0.01   245.   40.0                          
  210.7  11717  -52.3  -76.5    4  0.01   245.   40.0                          
  210.3  11730  -52.3  -76.6    4  0.01   245.   40.0                          
  209.9  11742  -52.3  -76.6    4  0.01   245.   40.0                          
  209.5  11754  -52.1  -76.6    4  0.01   245.   40.0                          
  209.1  11767  -52.1  -76.8    4  0.01   246.   40.0                          
  208.7  11780  -52.0  -76.8    4  0.01   246.   40.0                          
  208.3  11793  -51.9  -76.8    4  0.01   246.   40.0                          
  207.9  11806  -51.9  -76.9    4  0.01   246.   40.0                          
  207.5  11819  -51.9  -77.1    4  0.01   246.   40.1                          
  207.0  11833  -52.0  -77.3    4  0.01   246.   40.1                          
  206.6  11847  -52.1  -77.4    4  0.01   246.   40.1                          
  206.1  11860  -52.3  -77.5    3  0.01   246.   40.1                          
  205.7  11873  -52.3  -77.8    3  0.01   247.   40.2                          
  205.3  11885  -52.4  -77.8    3  0.00   247.   40.2                          
  205.0  11897  -52.5  -78.0    3  0.00   247.   40.2                          
  204.6  11909  -52.6  -78.1    3  0.00   247.   40.3                          
  204.2  11922  -52.6  -78.1    3  0.00   247.   40.3                          
  203.8  11934  -52.6  -78.1    3  0.00   247.   40.4                          
  203.4  11947  -52.5  -78.1    3  0.00   247.   40.4                          
  203.0  11959  -52.5  -78.3    3  0.00   247.   40.5                          
  202.6  11972  -52.5  -78.3    3  0.00   248.   40.5                          
  202.2  11984  -52.5  -78.4    3  0.00   248.   40.6                          
  201.8  11997  -52.5  -78.4    3  0.00   248.   40.7                          
  201.5  12009  -52.5  -78.4    3  0.00   248.   40.8                          
  201.1  12020  -52.5  -78.4    3  0.00   248.   40.9                          
  200.7  12032  -52.4  -78.5    3  0.00   248.   40.9                          
  200.3  12045  -52.3  -78.6    3  0.00   248.   41.0                          
  200.0  12057  -52.3  -78.8    3  0.00   249.   41.1                          
  199.6  12070  -52.3  -78.8    3  0.00   249.   41.2                          
  199.2  12083  -52.3  -78.9    3  0.00   249.   41.3                          
  198.8  12095  -52.4  -79.0    3  0.00   249.   41.4                          
  198.4  12106  -52.4  -79.1    3  0.00   249.   41.5                          
  198.1  12118  -52.4  -79.3    3  0.00   249.   41.6                          
  197.7  12131  -52.4  -79.3    3  0.00   249.   41.8                          
  197.3  12145  -52.4  -79.5    3  0.00   250.   41.9                          
  196.9  12158  -52.5  -79.6    3  0.00   250.   42.0                          
  196.5  12169  -52.5  -79.8    3  0.00   250.   42.1                          
  196.2  12180  -52.5  -79.9    2  0.00   250.   42.2                          
  195.8  12193  -52.5  -80.0    2  0.00   250.   42.3                          
  195.4  12206  -52.5  -80.1    2  0.00   250.   42.4                          
  195.0  12220  -52.6  -80.3    2  0.00   250.   42.5                          
  194.6  12233  -52.6  -80.4    2  0.00   251.   42.6                          
  194.2  12245  -52.8  -80.5    2  0.00   251.   42.7                          
  193.9  12256  -52.8  -80.6    2  0.00   251.   42.8                          
  193.5  12268  -52.8  -80.6    2  0.00   251.   42.9                          
  193.2  12279  -52.9  -80.8    2  0.00   251.   43.0                          
  192.8  12292  -52.9  -80.9    2  0.00   251.   43.1                          
  192.4  12305  -53.0  -81.0    2  0.00   251.   43.2                          
  192.0  12319  -53.0  -81.0    2  0.00   251.   43.3                          
  191.6  12332  -53.0  -81.0    2  0.00   251.   43.3                          
  191.2  12345  -53.0  -81.1    2  0.00   251.   43.4                          
  190.8  12359  -52.9  -81.3    2  0.00   250.   43.5                          
  190.4  12373  -52.9  -81.3    2  0.00   250.   43.5                          
  190.0  12387  -52.9  -81.3    2  0.00   250.   43.6                          
  189.6  12399  -52.9  -81.4    2  0.00   250.   43.7                          
  189.2  12413  -52.9  -81.4    2  0.00   250.   43.7                          
  188.8  12426  -52.9  -81.4    2  0.00   250.   43.8                     P T U
  188.5  12439  -52.9  -81.4    2  0.00   250.   43.8                     P T U
  188.1  12452  -52.9  -81.5    2  0.00   250.   43.9                     P T U
  187.7  12466  -52.9  -81.5    2  0.00   250.   43.9                          
  187.3  12479  -53.0  -81.5    2  0.00   250.   44.0                          
  186.9  12491  -53.1  -81.6    2  0.00   249.   44.0                          
  186.5  12505  -53.1  -81.8    2  0.00   249.   44.0                          
  186.1  12519  -53.3  -81.8    2  0.00   249.   44.1                          
  185.7  12534  -53.3  -81.9    2  0.00   249.   44.1                          
  185.3  12549  -53.3  -82.0    2  0.00   249.   44.1                          
  184.8  12564  -53.3  -82.0    2  0.00   249.   44.2                          
  184.4  12578  -53.3  -81.9    2  0.00   249.   44.2                          
  184.1  12590  -52.9  -81.9    2  0.00   249.   44.2                          
  183.7  12603  -52.8  -81.8    2  0.00   249.   44.3                          
  183.3  12617  -52.8  -81.8    2  0.00   249.   44.3                          
  182.9  12630  -52.8  -81.9    2  0.00   249.   44.3                          
  182.6  12644  -52.8  -82.0    2  0.00   249.   44.4                          
  182.2  12658  -52.9  -82.3    2  0.00   249.   44.4                          
  181.8  12672  -52.9  -82.4    2  0.00   249.   44.4                          
  181.4  12687  -53.0  -82.6    2  0.00   248.   44.5                          
  181.0  12701  -53.0  -82.8    2  0.00   248.   44.5                          
  180.6  12714  -53.1  -82.9    2  0.00   248.   44.5                          
  180.2  12728  -53.0  -83.0    2  0.00   248.   44.6                          
  179.8  12742  -52.9  -83.1    2  0.00   248.   44.7                          
  179.4  12756  -52.8  -83.3    2  0.00   248.   44.7                          
  179.0  12769  -52.8  -83.3    1  0.00   248.   44.8                          
  178.6  12784  -52.6  -83.4    1  0.00   248.   44.9                          
  178.2  12799  -52.5  -83.4    1  0.00   248.   45.0                          
  177.9  12812  -52.5  -83.5    1  0.00   248.   45.0                          
  177.5  12826  -52.3  -83.5    1  0.00   248.   45.1                          
  177.1  12839  -52.0  -83.6    1  0.00   248.   45.2                          
  176.8  12852  -52.0  -83.8    1  0.00   247.   45.3                          
  176.4  12865  -52.0  -83.8    1  0.00   247.   45.5   T U                    
  176.0  12879  -52.1  -84.0    1  0.00   247.   45.6                          
  175.7  12892  -52.3  -84.1    1  0.00   247.   45.7                          
  175.3  12904  -52.3  -84.0    1  0.00   247.   45.8                          
  175.0  12917  -52.4  -84.3    1  0.00   247.   45.9                          
  174.6  12931  -52.4  -84.4    1  0.00   247.   46.1                          
  174.2  12946  -52.4  -84.6    1  0.00   247.   46.2                          
  173.8  12963  -52.4  -84.8    1  0.00   247.   46.3                          
  173.3  12980  -52.5  -84.9    1  0.00   247.   46.4                          
  172.9  12996  -52.6  -85.0    1  0.00   247.   46.5                          
  172.5  13011  -52.8  -85.1    1  0.00   247.   46.6                          
  172.1  13026  -52.9  -85.3    1  0.00   247.   46.7                          
  171.7  13042  -53.0  -85.4    1  0.00   247.   46.8                          
  171.2  13058  -53.3  -85.4    1  0.00   247.   46.8                          
  170.8  13074  -53.3  -85.5    1  0.00   247.   46.9                          
  170.4  13088  -53.4  -85.6    1  0.00   247.   46.9                          
  170.1  13101  -53.6  -85.6    1  0.00   247.   46.9                          
  169.7  13114  -53.8  -85.8    1  0.00   247.   46.9       M V D F            
  169.4  13128  -53.8  -85.8    1  0.00   247.   46.8                          
  169.0  13142  -53.9  -85.8    1  0.00   247.   46.8                          
  168.7  13155  -54.0  -85.8    1  0.00   247.   46.7                          
  168.3  13168  -54.3  -85.9    1  0.00   247.   46.6                          
  167.9  13183  -54.3  -86.0    1  0.00   247.   46.5                          
  167.5  13197  -54.3  -86.0    1  0.00   247.   46.3                          
  167.2  13211  -53.9  -85.9    1  0.00   247.   46.1                          
  166.8  13224  -53.8  -85.8    1  0.00   247.   45.9                          
  166.5  13237  -53.8  -85.8    1  0.00   247.   45.7                          
  166.2  13250  -53.8  -85.8    1  0.00   247.   45.4                          
  165.8  13264  -53.9  -85.9    1  0.00   247.   45.1                          
  165.4  13279  -54.0  -85.9    1  0.00   247.   44.8                          
  165.1  13293  -54.1  -86.0    1  0.00   247.   44.5                          
  164.7  13307  -54.3  -86.0    1  0.00   247.   44.1                          
  164.3  13321  -54.3  -86.1    1  0.00   247.   43.8                          
  164.0  13335  -54.4  -86.3    1  0.00   247.   43.4                          
  163.6  13349  -54.5  -86.3    1  0.00   247.   42.9                          
  163.2  13364  -54.6  -86.4    1  0.00   247.   42.5                          
  162.9  13379  -54.8  -86.5    1  0.00   247.   42.1                          
  162.5  13393  -54.9  -86.6    1  0.00   247.   41.6                          
  162.1  13408  -55.1  -86.8    1  0.00   247.   41.1                          
  161.7  13424  -55.3  -86.8    1  0.00   248.   40.7                          
  161.3  13439  -55.3  -86.8    1  0.00   248.   40.2                          
  160.9  13455  -55.3  -86.9    1  0.00   248.   39.7                          
  160.5  13473  -55.3  -86.9    1  0.00   248.   39.2                          
  160.0  13491  -55.3  -86.9    1  0.00   248.   38.7                          
  159.6  13509  -55.3  -86.8    1  0.00   249.   38.2                          
  159.2  13526  -55.4  -86.8    1  0.00   249.   37.7                          
  158.7  13544  -55.5  -86.8    1  0.00   249.   37.2                          
  158.3  13562  -55.8  -86.9    1  0.00   250.   36.8                          
  157.8  13580  -55.9  -87.0    1  0.00   250.   36.3                          
  157.4  13597  -56.0  -87.1    1  0.00   250.   35.9                          
  156.9  13615  -56.3  -87.3    1  0.00   251.   35.5                          
  156.5  13633  -56.3  -87.3    1  0.00   251.   35.1                          
  156.1  13649  -56.4  -87.3    1  0.00   251.   34.7                          
  155.8  13662  -56.4  -87.3    1  0.00   252.   34.3                          
  155.5  13674  -56.3  -87.3    1  0.00   252.   34.0                          
  155.2  13686  -56.3  -87.1    1  0.00   252.   33.7                          
  154.9  13698  -56.4  -87.1    1  0.00   252.   33.4                          
  154.6  13710  -56.3  -87.1    1  0.00   253.   33.2                          
  154.3  13723  -56.3  -86.9    1  0.00   253.   32.9                          
  154.0  13734  -56.3  -86.9    1  0.00   253.   32.7                          
  153.7  13745  -56.1  -86.9    1  0.00   253.   32.5                          
  153.4  13759  -56.1  -87.0    1  0.00   253.   32.4                          
  153.1  13772  -56.1  -87.0    1  0.00   253.   32.3                          
  152.8  13784  -56.0  -87.0    1  0.00   253.   32.2                          
  152.5  13797  -56.0  -87.0    1  0.00   253.   32.1                          
  152.2  13809  -56.1  -87.0    1  0.00   253.   32.0                          
  151.9  13822  -56.3  -87.1    1  0.00   253.   32.0                          
  151.6  13834  -56.3  -87.1    1  0.00   253.   32.0         V D F            
  151.3  13847  -56.3  -87.3    1  0.00   252.   32.0                          
  151.0  13860  -56.4  -87.3    1  0.00   252.   32.0                          
  150.7  13873  -56.5  -87.3    1  0.00   252.   32.0                          
  150.4  13886  -56.5  -87.3    1  0.00   252.   32.1                          
  150.1  13899  -56.6  -87.4    1  0.00   251.   32.1                          
  149.8  13912  -56.8  -87.4    1  0.00   251.   32.2                          
  149.5  13925  -56.8  -87.4    1  0.00   250.   32.3                          
  149.1  13939  -56.6  -87.4    1  0.00   250.   32.3                          
  148.8  13953  -56.4  -87.4    1  0.00   249.   32.4                          
  148.4  13968  -56.3  -87.4    1  0.00   249.   32.5                          
  148.1  13983  -56.3  -87.4    1  0.00   248.   32.6                          
  147.8  13997  -56.3  -87.3    1  0.00   248.   32.7                          
  147.4  14012  -56.3  -87.3    1  0.00   247.   32.7                          
  147.1  14028  -56.4  -87.4    1  0.00   247.   32.8                          
  146.7  14044  -56.5  -87.4    1  0.00   246.   32.8                          
  146.3  14059  -56.5  -87.5    1  0.00   246.   32.9                          
  146.0  14075  -56.5  -87.5    1  0.00   245.   32.9                          
  145.6  14093  -56.6  -87.5    1  0.00   245.   32.9                          
  145.2  14109  -56.8  -87.5    1  0.00   244.   32.9                          
  144.8  14124  -56.8  -87.5    1  0.00   244.   32.9                          
  144.5  14139  -57.0  -87.6    1  0.00   243.   32.9                          
  144.1  14156  -57.1  -87.8    1  0.00   243.   32.8                          
  143.7  14173  -57.3  -87.8    1  0.00   242.   32.7                          
  143.3  14192  -57.3  -87.8    1  0.00   242.   32.6                          
  142.8  14212  -57.3  -87.8    1  0.00   241.   32.5                          
  142.4  14231  -57.3  -87.8    1  0.00   241.   32.3         V D F            
  142.0  14248  -57.3  -87.8    1  0.00   240.   32.1                          
  141.6  14267  -57.4  -87.8    1  0.00   240.   31.9                          
  141.2  14286  -57.5  -87.9    1  0.00   239.   31.7                          
  140.7  14305  -57.6  -87.9    1  0.00   239.   31.4                          
  140.3  14326  -57.8  -87.9    1  0.00   239.   31.1                          
  139.8  14345  -57.8  -88.0    1  0.00   238.   30.8                          
  139.4  14364  -57.8  -88.0    1  0.00   238.   30.5                          
  139.0  14383  -57.8  -88.0    1  0.00   238.   30.1                          
  138.6  14403  -57.9  -88.1    1  0.00   237.   29.7                          
  138.1  14424  -58.0  -88.1    1  0.00   237.   29.4                          
  137.7  14444  -58.0  -88.1    1  0.00   237.   28.9                          
  137.2  14464  -58.0  -88.1    1  0.00   237.   28.5                          
  136.8  14485  -58.3  -88.3    1  0.00   237.   28.1                          
  136.4  14504  -58.3  -88.3    1  0.00   236.   27.6                          
  136.0  14522  -58.3  -88.1    1  0.00   236.   27.2                          
  135.6  14540  -58.4  -88.1    1  0.00   236.   26.7                          
  135.2  14559  -58.6  -88.3    1  0.00   236.   26.2                          
  134.8  14579  -58.8  -88.4    1  0.00   236.   25.8                          
  134.4  14597  -59.0  -88.4    1  0.00   236.   25.3                          
  134.0  14616  -59.1  -88.5    1  0.00   236.   24.8                          
  133.5  14636  -59.3  -88.6    1  0.00   236.   24.3                          
  133.1  14656  -59.4  -88.8    1  0.00   236.   23.9                          
  132.7  14676  -59.6  -88.8    1  0.00   236.   23.4         V D F            
  132.2  14698  -59.8  -88.8    1  0.00   237.   22.9                          
  131.8  14719  -59.8  -88.8    1  0.00   237.   22.4   T U                    
  131.3  14740  -59.9  -88.9    1  0.00   237.   22.0                          
  130.9  14760  -59.9  -88.9    1  0.00   237.   21.5                          
  130.5  14778  -60.0  -88.9    1  0.00   237.   21.1                          
  130.2  14795  -60.1  -88.8    1  0.00   237.   20.7                          
  129.9  14811  -60.1  -88.8    1  0.00   238.   20.3                          
  129.5  14826  -60.1  -88.8    1  0.00   238.   19.8                          
  129.2  14841  -60.3  -88.8    1  0.00   238.   19.4                          
  128.8  14859  -60.4  -88.8    2  0.00   239.   19.1                          
  128.5  14877  -60.6  -88.8    2  0.00   239.   18.7                          
  128.1  14895  -60.8  -88.8    2  0.00   239.   18.3                          
  127.7  14913  -60.8  -88.8    2  0.00   240.   18.0                          
  127.4  14929  -60.9  -88.9    2  0.00   240.   17.6                          
  127.1  14945  -61.0  -88.9    2  0.00   241.   17.3                          
  126.8  14961  -61.1  -88.9    2  0.00   241.   16.9                          
  126.4  14976  -61.3  -88.9    2  0.00   242.   16.6                          
  126.1  14992  -61.4  -88.9    2  0.00   242.   16.3                          
  125.8  15008  -61.5  -89.0    2  0.00   243.   16.1                          
  125.5  15024  -61.6  -89.1    2  0.00   243.   15.8                          
  125.1  15042  -61.8  -89.1    2  0.00   244.   15.5                          
  124.8  15057  -61.9  -89.3    2  0.00   245.   15.3                          
  124.5  15073  -62.0  -89.3    2  0.00   245.   15.1                          
  124.2  15089  -62.1  -89.3    2  0.00   246.   14.8                          
  123.9  15103  -62.3  -89.3    2  0.00   247.   14.6                          
  123.6  15118  -62.3  -89.3    2  0.00   248.   14.5                          
  123.3  15133  -62.3  -89.3    2  0.00   249.   14.3                          
  123.0  15149  -62.4  -89.3    2  0.00   249.   14.2                          
  122.7  15164  -62.5  -89.3    2  0.00   250.   14.0                          
  122.3  15181  -62.6  -89.4    2  0.00   251.   13.9                          
  122.0  15197  -62.8  -89.3    2  0.00   252.   13.8                          
  121.7  15212  -62.9  -89.4    2  0.00   253.   13.7                          
  121.4  15228  -63.1  -89.4    2  0.00   254.   13.7                          
  121.1  15244  -63.3  -89.5    2  0.00   255.   13.7                          
  120.8  15260  -63.3  -89.5    2  0.00   256.   13.6         V D F            
  120.4  15276  -63.4  -89.6    2  0.00   257.   13.6                          
  120.1  15292  -63.5  -89.6    2  0.00   258.   13.7                          
  119.8  15306  -63.8  -89.6    2  0.00   259.   13.7                          
  119.6  15319  -63.8  -89.6    2  0.00   260.   13.8                          
  119.3  15332  -63.9  -89.6    2  0.00   261.   13.8                          
  119.1  15346  -64.0  -89.8    2  0.00   262.   13.9                          
  118.8  15360  -64.3  -89.8    2  0.00   263.   14.0                          
  118.5  15374  -64.3  -89.8    2  0.00   264.   14.1                          
  118.2  15389  -64.4  -89.8    2  0.00   264.   14.2                          
  118.0  15403  -64.5  -89.8    2  0.00   265.   14.4                          
  117.7  15416  -64.6  -89.8    2  0.00   266.   14.5                          
  117.5  15430  -64.8  -89.8    2  0.00   267.   14.7                          
  117.2  15443  -64.8  -89.8    2  0.00   267.   14.8                          
  116.9  15457  -64.9  -89.9    2  0.00   268.   15.0                          
  116.7  15471  -65.1  -89.9    2  0.00   268.   15.2                          
  116.4  15485  -65.3  -89.9    2  0.00   269.   15.4                          
  116.1  15499  -65.3  -89.9    2  0.00   269.   15.5                          
  115.9  15513  -65.5  -90.0    2  0.00   269.   15.7                          
  115.6  15526  -65.6  -90.0    2  0.00   270.   15.9                          
  115.3  15540  -65.8  -90.0    2  0.00   270.   16.1                          
  115.1  15554  -65.8  -90.0    2  0.00   271.   16.3                          
  114.8  15567  -65.8  -90.0    2  0.00   271.   16.5                          
  114.6  15581  -65.9  -90.0    2  0.00   271.   16.7                          
  114.3  15594  -65.9  -90.0    3  0.00   271.   16.9                          
  114.1  15607  -65.9  -90.0    3  0.00   272.   17.1                          
  113.8  15621  -66.0  -90.0    3  0.00   272.   17.3                     P    
  113.6  15634  -66.0  -89.9    3  0.00   272.   17.4                          
  113.3  15647  -66.1  -89.9    3  0.00   272.   17.6                          
  113.1  15661  -66.1  -90.0    3  0.00   272.   17.8                          
  112.8  15674  -66.3  -90.0    3  0.00   273.   18.0                          
  112.6  15688  -66.3  -90.1    3  0.00   273.   18.2                          
  112.3  15702  -66.4  -90.0    3  0.00   273.   18.4                          
  112.1  15715  -66.5  -90.1    3  0.00   273.   18.5                          
  111.8  15729  -66.6  -90.1    3  0.00   274.   18.7                          
  111.6  15743  -66.8  -90.1    3  0.00   274.   18.9                          
  111.3  15755  -66.8  -90.1    3  0.00   274.   19.1                          
  111.1  15769  -66.9  -90.1    3  0.00   274.   19.2                          
  110.8  15782  -67.0  -90.3    3  0.00   275.   19.4                          
  110.6  15795  -67.1  -90.3    3  0.00   275.   19.6                          
  110.3  15809  -67.3  -90.3    3  0.00   275.   19.7                          
  110.1  15822  -67.3  -90.3    3  0.00   276.   19.9                          
  109.8  15836  -67.4  -90.3    3  0.00   276.   20.1                          
  109.6  15850  -67.6  -90.4    3  0.00   276.   20.2                          
  109.3  15863  -67.8  -90.4    3  0.00   277.   20.4                          
  109.1  15877  -67.8  -90.4    3  0.00   277.   20.6                          
  108.8  15892  -67.9  -90.4    3  0.00   277.   20.7                          
  108.6  15905  -68.0  -90.5    3  0.00   278.   20.9                          
  108.3  15919  -68.1  -90.5    3  0.00   278.   21.0                          
  108.1  15933  -68.3  -90.6    3  0.00   278.   21.2                          
  107.8  15947  -68.4  -90.6    3  0.00   278.   21.3                     P T U
  107.6  15962  -68.5  -90.6    3  0.00   279.   21.5                     P T U
  107.3  15976  -68.6  -90.8    3  0.00   279.   21.6                          
  107.0  15992  -68.8  -90.8    3  0.00   279.   21.8                          
  106.7  16007  -68.8  -90.8    3  0.00   280.   21.9                          
  106.5  16023  -68.9  -90.8    3  0.00   280.   22.1                          
  106.2  16039  -69.1  -90.8    3  0.00   280.   22.2   T     V D F            
