# County Lines
-2.603 240.646 0   # 0
46.679 241.114 0   # 0
47.661 172.845 0   # 0
48.022 139.359 0   # 0
48.028 124.480 0   # 0
-1.524 124.260 0   # 0
-1.635 134.338 0   # 0
-2.603 240.646 1   # 0
-54.128 134.145 0   # 1
-53.563 183.105 0   # 1
-54.382 183.147 0   # 1
-54.458 220.122 0   # 1
-54.407 239.955 0   # 1
-22.579 240.382 0   # 1
-2.603 240.646 0   # 1
-1.635 134.338 0   # 1
-54.128 134.145 1   # 1
-224.496 63.983 0   # 2
-276.181 65.890 0   # 2
-274.464 110.661 0   # 2
-276.155 110.750 0   # 2
-275.155 139.150 0   # 2
-240.897 138.129 0   # 2
-240.932 142.264 0   # 2
-239.551 142.324 0   # 2
-238.011 185.516 0   # 2
-239.496 185.606 0   # 2
-238.929 204.282 0   # 2
-238.321 224.425 0   # 2
-119.740 221.272 0   # 2
-120.323 106.348 0   # 2
-141.413 106.513 0   # 2
-142.499 62.405 0   # 2
-187.610 62.916 0   # 2
-224.496 63.983 1   # 2
-131.933 62.118 0   # 3
-142.499 62.405 0   # 3
-141.413 106.513 0   # 3
-120.323 106.348 0   # 3
-119.740 221.272 0   # 3
-76.440 220.512 0   # 3
-76.411 217.636 0   # 3
-78.147 217.468 0   # 3
-78.270 214.440 0   # 3
-81.081 214.362 0   # 3
-81.160 206.996 0   # 3
-79.830 206.858 0   # 3
-79.715 205.547 0   # 3
-73.881 204.998 0   # 3
-62.072 205.012 0   # 3
-62.056 208.392 0   # 3
-60.626 208.558 0   # 3
-60.741 214.762 0   # 3
-59.821 214.821 0   # 3
-59.152 219.318 0   # 3
-58.079 219.380 0   # 3
-58.036 220.137 0   # 3
-54.458 220.122 0   # 3
-54.382 183.147 0   # 3
-53.563 183.105 0   # 3
-54.128 134.145 0   # 3
-54.170 61.043 0   # 3
-131.933 62.118 1   # 3
216.504 89.971 0   # 4
169.927 88.240 0   # 4
169.400 108.094 0   # 4
167.495 108.322 0   # 4
167.129 112.394 0   # 4
165.635 146.294 0   # 4
163.941 146.379 0   # 4
162.060 153.775 0   # 4
161.840 174.816 0   # 4
212.459 176.778 0   # 4
213.438 147.381 0   # 4
219.636 147.428 0   # 4
221.535 109.042 0   # 4
215.760 108.611 0   # 4
216.504 89.971 1   # 4
104.783 139.997 0   # 5
48.022 139.359 0   # 5
47.661 172.845 0   # 5
48.606 172.225 0   # 5
101.504 172.923 0   # 5
104.987 172.855 0   # 5
105.334 145.568 0   # 5
104.780 145.345 0   # 5
104.783 139.997 1   # 5
161.840 174.816 0   # 6
162.060 153.775 0   # 6
163.941 146.379 0   # 6
165.635 146.294 0   # 6
167.129 112.394 0   # 6
105.561 110.770 0   # 6
104.783 139.997 0   # 6
104.780 145.345 0   # 6
105.334 145.568 0   # 6
104.987 172.855 0   # 6
159.429 174.922 0   # 6
161.840 174.816 1   # 6
105.078 106.061 0   # 7
48.366 104.926 0   # 7
48.028 124.480 0   # 7
48.022 139.359 0   # 7
104.783 139.997 0   # 7
105.561 110.770 0   # 7
105.634 106.234 0   # 7
105.078 106.061 1   # 7
-54.170 61.043 0   # 8
-54.128 134.145 0   # 8
-1.635 134.338 0   # 8
-1.524 124.260 0   # 8
48.028 124.480 0   # 8
48.366 104.926 0   # 8
49.025 62.201 0   # 8
-25.213 60.779 0   # 8
-54.170 61.043 1   # 8
169.336 64.161 0   # 9
166.733 63.858 0   # 9
105.272 62.706 0   # 9
106.016 67.322 0   # 9
105.078 106.061 0   # 9
105.634 106.234 0   # 9
105.561 110.770 0   # 9
167.129 112.394 0   # 9
167.495 108.322 0   # 9
169.400 108.094 0   # 9
169.927 88.240 0   # 9
170.061 69.181 0   # 9
169.248 68.998 0   # 9
169.336 64.161 1   # 9
89.347 62.354 0   # 10
49.025 62.201 0   # 10
48.366 104.926 0   # 10
105.078 106.061 0   # 10
106.016 67.322 0   # 10
105.272 62.706 0   # 10
89.347 62.354 1   # 10
216.504 89.971 0   # 11
217.584 65.396 0   # 11
169.336 64.161 0   # 11
169.248 68.998 0   # 11
170.061 69.181 0   # 11
169.927 88.240 0   # 11
216.504 89.971 1   # 11
42.624 -49.730 0   # 12
-34.635 -50.186 0   # 12
-35.160 -49.853 0   # 12
-35.323 -20.902 0   # 12
-35.152 -11.779 0   # 12
-25.787 -11.339 0   # 12
-25.213 60.779 0   # 12
49.025 62.201 0   # 12
89.347 62.354 0   # 12
90.098 28.210 0   # 12
89.334 28.081 0   # 12
89.724 8.595 0   # 12
42.806 7.547 0   # 12
42.624 -49.730 1   # 12
-170.445 -1.907 0   # 13
-172.443 0.845 0   # 13
-171.887 6.709 0   # 13
-174.563 12.613 0   # 13
-174.838 20.161 0   # 13
-172.682 22.907 0   # 13
-172.411 26.746 0   # 13
-171.030 29.616 0   # 13
-171.035 35.411 0   # 13
-168.896 40.020 0   # 13
-169.157 41.574 0   # 13
-170.556 43.390 0   # 13
-170.811 46.204 0   # 13
-171.784 47.581 0   # 13
-176.760 47.713 0   # 13
-178.058 49.583 0   # 13
-182.880 51.131 0   # 13
-183.788 53.570 0   # 13
-186.887 55.632 0   # 13
-187.699 58.275 0   # 13
-186.567 60.986 0   # 13
-187.610 62.916 0   # 13
-142.499 62.405 0   # 13
-131.933 62.118 0   # 13
-131.429 55.332 0   # 13
-130.008 52.912 0   # 13
-126.575 50.109 0   # 13
-126.867 48.284 0   # 13
-125.917 44.739 0   # 13
-122.273 41.793 0   # 13
-120.200 41.161 0   # 13
-118.238 35.182 0   # 13
-115.638 34.165 0   # 13
-107.267 12.846 0   # 13
-107.036 7.967 0   # 13
-103.214 7.195 0   # 13
-102.568 3.591 0   # 13
-106.243 1.748 0   # 13
-107.076 -4.830 0   # 13
-109.960 -7.249 0   # 13
-109.781 -9.308 0   # 13
-111.071 -10.462 0   # 13
-114.076 -9.611 0   # 13
-118.743 -9.574 0   # 13
-121.392 -11.430 0   # 13
-133.431 -13.061 0   # 13
-138.091 -10.404 0   # 13
-141.513 -10.775 0   # 13
-145.450 -9.653 0   # 13
-148.127 -10.754 0   # 13
-153.072 -10.121 0   # 13
-157.073 -4.466 0   # 13
-161.180 -8.539 0   # 13
-166.496 -7.564 0   # 13
-170.445 -1.907 1   # 13
157.765 0.700 0   # 14
100.234 -0.734 0   # 14
99.870 8.725 0   # 14
89.724 8.595 0   # 14
89.334 28.081 0   # 14
90.098 28.210 0   # 14
89.347 62.354 0   # 14
105.272 62.706 0   # 14
166.733 63.858 0   # 14
167.548 35.201 0   # 14
167.682 30.467 0   # 14
166.660 30.377 0   # 14
167.649 1.080 0   # 14
157.765 0.700 1   # 14
167.548 35.201 0   # 15
166.733 63.858 0   # 15
169.336 64.161 0   # 15
217.584 65.396 0   # 15
218.603 37.092 0   # 15
167.548 35.201 1   # 15
-170.311 -57.413 0   # 16
-204.228 -57.025 0   # 16
-204.208 -37.883 0   # 16
-203.945 -23.969 0   # 16
-238.029 -23.167 0   # 16
-235.777 12.538 0   # 16
-231.629 12.679 0   # 16
-231.312 19.544 0   # 16
-226.083 19.570 0   # 16
-224.496 63.983 0   # 16
-187.610 62.916 0   # 16
-186.567 60.986 0   # 16
-187.699 58.275 0   # 16
-186.887 55.632 0   # 16
-183.788 53.570 0   # 16
-182.880 51.131 0   # 16
-178.058 49.583 0   # 16
-176.760 47.713 0   # 16
-171.784 47.581 0   # 16
-170.811 46.204 0   # 16
-170.556 43.390 0   # 16
-169.157 41.574 0   # 16
-168.896 40.020 0   # 16
-171.035 35.411 0   # 16
-171.030 29.616 0   # 16
-172.411 26.746 0   # 16
-172.682 22.907 0   # 16
-174.838 20.161 0   # 16
-174.563 12.613 0   # 16
-171.887 6.709 0   # 16
-172.443 0.845 0   # 16
-170.445 -1.907 0   # 16
-170.762 -11.491 0   # 16
-169.784 -11.607 0   # 16
-170.311 -57.413 1   # 16
-35.323 -20.902 0   # 17
-59.622 -20.921 0   # 17
-63.028 -21.697 0   # 17
-86.735 -21.134 0   # 17
-88.285 -19.426 0   # 17
-90.259 -13.200 0   # 17
-94.600 -10.886 0   # 17
-96.893 -8.499 0   # 17
-99.197 -3.040 0   # 17
-99.110 1.547 0   # 17
-102.568 3.591 0   # 17
-103.214 7.195 0   # 17
-107.036 7.967 0   # 17
-107.267 12.846 0   # 17
-115.638 34.165 0   # 17
-118.238 35.182 0   # 17
-120.200 41.161 0   # 17
-122.273 41.793 0   # 17
-125.917 44.739 0   # 17
-126.867 48.284 0   # 17
-126.575 50.109 0   # 17
-130.008 52.912 0   # 17
-131.429 55.332 0   # 17
-131.933 62.118 0   # 17
-54.170 61.043 0   # 17
-25.213 60.779 0   # 17
-25.787 -11.339 0   # 17
-35.152 -11.779 0   # 17
-35.323 -20.902 1   # 17
219.712 2.445 0   # 18
167.649 1.080 0   # 18
166.660 30.377 0   # 18
167.682 30.467 0   # 18
167.548 35.201 0   # 18
218.603 37.092 0   # 18
218.855 32.008 0   # 18
219.712 2.445 1   # 18
80.000 -49.500 0   # 19
42.624 -49.730 0   # 19
42.806 7.547 0   # 19
89.724 8.595 0   # 19
99.870 8.725 0   # 19
100.234 -0.734 0   # 19
100.604 -49.132 0   # 19
80.000 -49.500 1   # 19
-89.458 -66.504 0   # 20
-92.637 -70.645 0   # 20
-94.899 -71.884 0   # 20
-98.364 -71.100 0   # 20
-101.078 -72.607 0   # 20
-104.854 -71.734 0   # 20
-106.472 -72.345 0   # 20
-106.035 -77.213 0   # 20
-109.177 -83.770 0   # 20
-114.079 -84.346 0   # 20
-118.919 -83.812 0   # 20
-121.325 -79.819 0   # 20
-121.765 -74.849 0   # 20
-123.520 -70.379 0   # 20
-125.594 -68.388 0   # 20
-131.850 -65.637 0   # 20
-136.330 -59.601 0   # 20
-138.771 -58.780 0   # 20
-148.817 -58.930 0   # 20
-149.835 -57.757 0   # 20
-153.989 -57.751 0   # 20
-170.311 -57.413 0   # 20
-169.784 -11.607 0   # 20
-170.762 -11.491 0   # 20
-170.445 -1.907 0   # 20
-166.496 -7.564 0   # 20
-161.180 -8.539 0   # 20
-157.073 -4.466 0   # 20
-153.072 -10.121 0   # 20
-148.127 -10.754 0   # 20
-145.450 -9.653 0   # 20
-141.513 -10.775 0   # 20
-138.091 -10.404 0   # 20
-133.431 -13.061 0   # 20
-121.392 -11.430 0   # 20
-118.743 -9.574 0   # 20
-114.076 -9.611 0   # 20
-111.071 -10.462 0   # 20
-109.781 -9.308 0   # 20
-109.960 -7.249 0   # 20
-107.076 -4.830 0   # 20
-106.243 1.748 0   # 20
-102.568 3.591 0   # 20
-99.110 1.547 0   # 20
-99.197 -3.040 0   # 20
-96.893 -8.499 0   # 20
-94.600 -10.886 0   # 20
-90.259 -13.200 0   # 20
-88.285 -19.426 0   # 20
-86.735 -21.134 0   # 20
-88.149 -27.228 0   # 20
-87.956 -31.049 0   # 20
-84.959 -34.417 0   # 20
-84.521 -36.567 0   # 20
-84.840 -40.406 0   # 20
-86.125 -43.070 0   # 20
-85.772 -45.676 0   # 20
-86.527 -47.415 0   # 20
-89.645 -49.087 0   # 20
-89.146 -56.976 0   # 20
-89.883 -61.987 0   # 20
-89.458 -66.504 1   # 20
222.730 -93.299 0   # 21
158.097 -95.516 0   # 21
156.890 -48.211 0   # 21
157.450 -48.089 0   # 21
156.980 -9.460 0   # 21
158.099 -9.216 0   # 21
157.765 0.700 0   # 21
167.649 1.080 0   # 21
219.712 2.445 0   # 21
220.047 -7.373 0   # 21
220.976 -45.544 0   # 21
222.730 -93.299 1   # 21
80.432 -97.173 0   # 22
80.080 -78.505 0   # 22
80.000 -49.500 0   # 22
100.604 -49.132 0   # 22
100.234 -0.734 0   # 22
157.765 0.700 0   # 22
158.099 -9.216 0   # 22
156.980 -9.460 0   # 22
157.450 -48.089 0   # 22
156.890 -48.211 0   # 22
158.097 -95.516 0   # 22
128.739 -96.625 0   # 22
80.432 -97.173 1   # 22
-34.740 -59.708 0   # 23
-63.611 -59.689 0   # 23
-63.435 -57.518 0   # 23
-89.146 -56.976 0   # 23
-89.645 -49.087 0   # 23
-86.527 -47.415 0   # 23
-85.772 -45.676 0   # 23
-86.125 -43.070 0   # 23
-84.840 -40.406 0   # 23
-84.521 -36.567 0   # 23
-84.959 -34.417 0   # 23
-87.956 -31.049 0   # 23
-88.149 -27.228 0   # 23
-86.735 -21.134 0   # 23
-63.028 -21.697 0   # 23
-59.622 -20.921 0   # 23
-35.323 -20.902 0   # 23
-35.160 -49.853 0   # 23
-34.635 -50.186 0   # 23
-34.740 -59.708 1   # 23
-20.622 -79.236 0   # 24
-20.458 -78.122 0   # 24
-17.189 -77.802 0   # 24
-17.940 -75.564 0   # 24
-15.741 -75.383 0   # 24
-15.735 -74.174 0   # 24
-14.468 -73.776 0   # 24
-14.295 -71.554 0   # 24
-17.326 -71.413 0   # 24
-17.432 -72.675 0   # 24
-18.861 -72.878 0   # 24
-18.910 -71.571 0   # 24
-20.867 -71.340 0   # 24
-21.552 -73.580 0   # 24
-23.960 -73.667 0   # 24
-25.119 -72.853 0   # 24
-34.707 -72.898 0   # 24
-34.740 -59.708 0   # 24
-34.635 -50.186 0   # 24
42.624 -49.730 0   # 24
80.000 -49.500 0   # 24
80.080 -78.505 0   # 24
-20.622 -79.236 1   # 24
-64.211 -77.938 0   # 25
-71.163 -77.180 0   # 25
-78.251 -72.751 0   # 25
-79.383 -71.281 0   # 25
-79.350 -69.416 0   # 25
-81.186 -69.683 0   # 25
-84.971 -67.200 0   # 25
-89.458 -66.504 0   # 25
-89.883 -61.987 0   # 25
-89.146 -56.976 0   # 25
-63.435 -57.518 0   # 25
-63.611 -59.689 0   # 25
-64.211 -77.938 1   # 25
-133.850 -118.274 0   # 26
-137.635 -108.891 0   # 26
-138.045 -106.137 0   # 26
-137.378 -104.754 0   # 26
-138.465 -101.721 0   # 26
-137.412 -99.670 0   # 26
-135.163 -100.850 0   # 26
-134.062 -100.106 0   # 26
-134.157 -94.772 0   # 26
-131.272 -92.355 0   # 26
-131.475 -89.643 0   # 26
-132.608 -88.121 0   # 26
-136.093 -86.835 0   # 26
-136.052 -85.171 0   # 26
-138.258 -85.148 0   # 26
-139.040 -83.413 0   # 26
-141.020 -82.577 0   # 26
-145.301 -76.382 0   # 26
-147.831 -75.917 0   # 26
-152.254 -65.849 0   # 26
-152.647 -60.776 0   # 26
-153.989 -57.751 0   # 26
-149.835 -57.757 0   # 26
-148.817 -58.930 0   # 26
-138.771 -58.780 0   # 26
-136.330 -59.601 0   # 26
-131.850 -65.637 0   # 26
-125.594 -68.388 0   # 26
-123.520 -70.379 0   # 26
-121.765 -74.849 0   # 26
-121.325 -79.819 0   # 26
-118.919 -83.812 0   # 26
-114.079 -84.346 0   # 26
-109.177 -83.770 0   # 26
-108.518 -86.314 0   # 26
-107.185 -87.677 0   # 26
-103.852 -87.659 0   # 26
-101.150 -89.980 0   # 26
-97.282 -90.547 0   # 26
-97.198 -94.170 0   # 26
-101.370 -97.842 0   # 26
-100.587 -100.986 0   # 26
-102.373 -102.610 0   # 26
-104.070 -102.469 0   # 26
-104.679 -105.410 0   # 26
-106.362 -105.671 0   # 26
-108.176 -109.311 0   # 26
-110.521 -109.696 0   # 26
-112.760 -111.537 0   # 26
-112.980 -113.911 0   # 26
-119.209 -120.223 0   # 26
-121.554 -120.608 0   # 26
-125.007 -118.817 0   # 26
-128.038 -118.673 0   # 26
-133.850 -118.274 1   # 26
-212.573 -119.060 0   # 27
-209.971 -57.072 0   # 27
-204.228 -57.025 0   # 27
-170.311 -57.413 0   # 27
-153.989 -57.751 0   # 27
-152.647 -60.776 0   # 27
-152.254 -65.849 0   # 27
-147.831 -75.917 0   # 27
-145.301 -76.382 0   # 27
-141.020 -82.577 0   # 27
-139.040 -83.413 0   # 27
-138.258 -85.148 0   # 27
-136.052 -85.171 0   # 27
-136.093 -86.835 0   # 27
-132.608 -88.121 0   # 27
-131.475 -89.643 0   # 27
-131.272 -92.355 0   # 27
-134.157 -94.772 0   # 27
-134.062 -100.106 0   # 27
-135.163 -100.850 0   # 27
-137.412 -99.670 0   # 27
-138.465 -101.721 0   # 27
-137.378 -104.754 0   # 27
-138.045 -106.137 0   # 27
-137.635 -108.891 0   # 27
-133.850 -118.274 0   # 27
-141.688 -121.319 0   # 27
-147.564 -120.569 0   # 27
-150.470 -118.305 0   # 27
-152.400 -118.826 0   # 27
-153.581 -120.176 0   # 27
-212.573 -119.060 1   # 27
-64.317 -98.433 0   # 28
-64.211 -77.938 0   # 28
-63.611 -59.689 0   # 28
-34.740 -59.708 0   # 28
-34.707 -72.898 0   # 28
-35.778 -73.038 0   # 28
-35.854 -73.745 0   # 28
-34.705 -74.308 0   # 28
-34.651 -86.692 0   # 28
-37.054 -86.879 0   # 28
-37.184 -87.538 0   # 28
-35.503 -88.585 0   # 28
-35.871 -89.706 0   # 28
-34.570 -90.213 0   # 28
-34.317 -98.309 0   # 28
-36.771 -101.268 0   # 28
-37.978 -105.993 0   # 28
-41.937 -108.502 0   # 28
-40.145 -112.515 0   # 28
-43.745 -116.369 0   # 28
-43.890 -120.704 0   # 28
-48.393 -131.941 0   # 28
-51.778 -134.680 0   # 28
-53.424 -138.665 0   # 28
-58.023 -144.619 0   # 28
-58.411 -146.596 0   # 28
-64.158 -146.551 0   # 28
-64.317 -98.433 1   # 28
-64.317 -98.433 0   # 29
-101.370 -97.842 0   # 29
-97.198 -94.170 0   # 29
-97.282 -90.547 0   # 29
-101.150 -89.980 0   # 29
-103.852 -87.659 0   # 29
-107.185 -87.677 0   # 29
-108.518 -86.314 0   # 29
-109.177 -83.770 0   # 29
-106.035 -77.213 0   # 29
-106.472 -72.345 0   # 29
-104.854 -71.734 0   # 29
-101.078 -72.607 0   # 29
-98.364 -71.100 0   # 29
-94.899 -71.884 0   # 29
-92.637 -70.645 0   # 29
-89.458 -66.504 0   # 29
-84.971 -67.200 0   # 29
-81.186 -69.683 0   # 29
-79.350 -69.416 0   # 29
-79.383 -71.281 0   # 29
-78.251 -72.751 0   # 29
-71.163 -77.180 0   # 29
-64.211 -77.938 0   # 29
-64.317 -98.433 1   # 29
-34.570 -90.213 0   # 30
-35.871 -89.706 0   # 30
-35.503 -88.585 0   # 30
-37.184 -87.538 0   # 30
-37.054 -86.879 0   # 30
-34.651 -86.692 0   # 30
-34.705 -74.308 0   # 30
-35.854 -73.745 0   # 30
-35.778 -73.038 0   # 30
-34.707 -72.898 0   # 30
-25.119 -72.853 0   # 30
-23.960 -73.667 0   # 30
-21.552 -73.580 0   # 30
-20.867 -71.340 0   # 30
-18.910 -71.571 0   # 30
-18.861 -72.878 0   # 30
-17.432 -72.675 0   # 30
-17.326 -71.413 0   # 30
-14.295 -71.554 0   # 30
-14.468 -73.776 0   # 30
-15.735 -74.174 0   # 30
-15.741 -75.383 0   # 30
-17.940 -75.564 0   # 30
-17.189 -77.802 0   # 30
-20.458 -78.122 0   # 30
-20.622 -79.236 0   # 30
-20.799 -79.997 0   # 30
-19.170 -81.046 0   # 30
-19.140 -83.210 0   # 30
-21.475 -83.848 0   # 30
-18.391 -88.117 0   # 30
-20.263 -88.789 0   # 30
-20.851 -90.874 0   # 30
-22.107 -90.215 0   # 30
-22.843 -91.097 0   # 30
-23.188 -90.103 0   # 30
-28.169 -87.212 0   # 30
-32.591 -88.278 0   # 30
-32.588 -91.098 0   # 30
-34.570 -90.213 1   # 30
-34.317 -98.309 0   # 31
-34.570 -90.213 0   # 31
-32.588 -91.098 0   # 31
-32.591 -88.278 0   # 31
-28.169 -87.212 0   # 31
-23.188 -90.103 0   # 31
-22.843 -91.097 0   # 31
-22.107 -90.215 0   # 31
-20.851 -90.874 0   # 31
-20.263 -88.789 0   # 31
-18.391 -88.117 0   # 31
-21.475 -83.848 0   # 31
-19.140 -83.210 0   # 31
-19.170 -81.046 0   # 31
-20.799 -79.997 0   # 31
-20.622 -79.236 0   # 31
80.080 -78.505 0   # 31
80.432 -97.173 0   # 31
79.462 -97.310 0   # 31
-0.705 -98.801 0   # 31
-34.317 -98.309 1   # 31
224.698 -152.319 0   # 32
128.585 -155.798 0   # 32
128.487 -146.487 0   # 32
129.151 -146.411 0   # 32
128.739 -96.625 0   # 32
158.097 -95.516 0   # 32
222.730 -93.299 0   # 32
222.807 -93.951 0   # 32
224.469 -142.354 0   # 32
224.698 -152.319 1   # 32
52.274 -213.943 0   # 33
51.865 -175.908 0   # 33
80.568 -175.102 0   # 33
79.467 -146.046 0   # 33
80.180 -145.919 0   # 33
79.462 -97.310 0   # 33
80.432 -97.173 0   # 33
128.739 -96.625 0   # 33
129.151 -146.411 0   # 33
128.487 -146.487 0   # 33
128.585 -155.798 0   # 33
128.990 -194.851 0   # 33
128.119 -194.884 0   # 33
128.251 -202.430 0   # 33
128.387 -212.796 0   # 33
100.394 -213.582 0   # 33
100.161 -214.194 0   # 33
52.274 -213.943 1   # 33
51.865 -175.908 0   # 34
51.474 -146.576 0   # 34
-0.649 -146.571 0   # 34
-0.705 -98.801 0   # 34
79.462 -97.310 0   # 34
80.180 -145.919 0   # 34
79.467 -146.046 0   # 34
80.568 -175.102 0   # 34
51.865 -175.908 1   # 34
-112.859 -194.194 0   # 35
-112.606 -188.598 0   # 35
-108.740 -182.219 0   # 35
-110.583 -178.208 0   # 35
-111.325 -173.452 0   # 35
-113.557 -174.136 0   # 35
-115.148 -170.015 0   # 35
-117.320 -168.179 0   # 35
-119.240 -167.593 0   # 35
-120.690 -168.601 0   # 35
-125.517 -167.111 0   # 35
-126.336 -165.781 0   # 35
-126.042 -162.650 0   # 35
-131.710 -159.276 0   # 35
-133.063 -157.361 0   # 35
-133.088 -153.939 0   # 35
-131.869 -150.876 0   # 35
-133.689 -147.466 0   # 35
-131.639 -144.625 0   # 35
-132.082 -136.838 0   # 35
-130.701 -135.380 0   # 35
-132.617 -132.125 0   # 35
-132.496 -127.086 0   # 35
-131.444 -125.036 0   # 35
-129.763 -124.724 0   # 35
-128.688 -123.277 0   # 35
-129.176 -119.820 0   # 35
-128.038 -118.673 0   # 35
-125.007 -118.817 0   # 35
-121.554 -120.608 0   # 35
-119.209 -120.223 0   # 35
-112.980 -113.911 0   # 35
-112.760 -111.537 0   # 35
-110.521 -109.696 0   # 35
-108.176 -109.311 0   # 35
-106.362 -105.671 0   # 35
-104.679 -105.410 0   # 35
-104.070 -102.469 0   # 35
-102.373 -102.610 0   # 35
-100.587 -100.986 0   # 35
-101.370 -97.842 0   # 35
-64.317 -98.433 0   # 35
-64.158 -146.551 0   # 35
-58.411 -146.596 0   # 35
-58.300 -194.708 0   # 35
-112.859 -194.194 1   # 35
-32.601 -146.773 0   # 36
-58.411 -146.596 0   # 36
-58.023 -144.619 0   # 36
-53.424 -138.665 0   # 36
-51.778 -134.680 0   # 36
-48.393 -131.941 0   # 36
-43.890 -120.704 0   # 36
-43.745 -116.369 0   # 36
-40.145 -112.515 0   # 36
-41.937 -108.502 0   # 36
-37.978 -105.993 0   # 36
-36.771 -101.268 0   # 36
-34.317 -98.309 0   # 36
-0.705 -98.801 0   # 36
-0.649 -146.571 0   # 36
-32.601 -146.773 1   # 36
-167.113 -153.728 0   # 37
-167.355 -149.960 0   # 37
-165.310 -142.840 0   # 37
-161.451 -141.748 0   # 37
-159.252 -137.442 0   # 37
-159.613 -133.226 0   # 37
-158.257 -131.064 0   # 37
-159.842 -127.042 0   # 37
-158.112 -125.269 0   # 37
-156.970 -125.632 0   # 37
-155.621 -124.678 0   # 37
-154.319 -125.186 0   # 37
-153.581 -120.176 0   # 37
-152.400 -118.826 0   # 37
-150.470 -118.305 0   # 37
-147.564 -120.569 0   # 37
-141.688 -121.319 0   # 37
-133.850 -118.274 0   # 37
-128.038 -118.673 0   # 37
-129.176 -119.820 0   # 37
-128.688 -123.277 0   # 37
-129.763 -124.724 0   # 37
-131.444 -125.036 0   # 37
-132.496 -127.086 0   # 37
-132.617 -132.125 0   # 37
-130.701 -135.380 0   # 37
-132.082 -136.838 0   # 37
-131.639 -144.625 0   # 37
-133.689 -147.466 0   # 37
-131.869 -150.876 0   # 37
-133.088 -153.939 0   # 37
-167.113 -153.728 1   # 37
-167.113 -153.728 0   # 38
-168.678 -155.796 0   # 38
-169.134 -160.091 0   # 38
-171.240 -158.655 0   # 38
-173.117 -155.096 0   # 38
-177.384 -153.484 0   # 38
-181.583 -155.090 0   # 38
-181.324 -156.542 0   # 38
-182.720 -157.648 0   # 38
-183.904 -160.307 0   # 38
-185.704 -161.578 0   # 38
-188.273 -161.517 0   # 38
-192.374 -158.841 0   # 38
-194.596 -159.825 0   # 38
-196.353 -159.483 0   # 38
-203.489 -155.251 0   # 38
-203.105 -151.763 0   # 38
-207.367 -146.121 0   # 38
-209.601 -145.393 0   # 38
-227.168 -144.944 0   # 38
-229.478 -140.744 0   # 38
-235.468 -136.972 0   # 38
-236.114 -131.959 0   # 38
-237.526 -129.841 0   # 38
-238.057 -126.586 0   # 38
-242.396 -123.008 0   # 38
-239.849 -118.287 0   # 38
-212.573 -119.060 0   # 38
-153.581 -120.176 0   # 38
-154.319 -125.186 0   # 38
-155.621 -124.678 0   # 38
-156.970 -125.632 0   # 38
-158.112 -125.269 0   # 38
-159.842 -127.042 0   # 38
-158.257 -131.064 0   # 38
-159.613 -133.226 0   # 38
-159.252 -137.442 0   # 38
-161.451 -141.748 0   # 38
-165.310 -142.840 0   # 38
-167.355 -149.960 0   # 38
-167.113 -153.728 1   # 38
-205.793 -253.253 0   # 39
-255.320 -252.120 0   # 39
-256.655 -242.499 0   # 39
-261.057 -234.596 0   # 39
-249.178 -235.138 0   # 39
-248.001 -195.015 0   # 39
-246.042 -134.113 0   # 39
-245.062 -132.871 0   # 39
-241.604 -131.996 0   # 39
-240.177 -130.336 0   # 39
-237.526 -129.841 0   # 39
-236.114 -131.959 0   # 39
-235.468 -136.972 0   # 39
-229.478 -140.744 0   # 39
-227.168 -144.944 0   # 39
-209.601 -145.393 0   # 39
-207.367 -146.121 0   # 39
-203.105 -151.763 0   # 39
-203.489 -155.251 0   # 39
-196.353 -159.483 0   # 39
-194.596 -159.825 0   # 39
-192.374 -158.841 0   # 39
-188.273 -161.517 0   # 39
-185.704 -161.578 0   # 39
-183.904 -160.307 0   # 39
-182.720 -157.648 0   # 39
-181.324 -156.542 0   # 39
-181.583 -155.090 0   # 39
-177.384 -153.484 0   # 39
-173.117 -155.096 0   # 39
-171.240 -158.655 0   # 39
-169.134 -160.091 0   # 39
-165.557 -161.074 0   # 39
-162.780 -163.996 0   # 39
-161.478 -167.273 0   # 39
-158.428 -169.280 0   # 39
-153.858 -169.371 0   # 39
-145.172 -171.129 0   # 39
-146.277 -174.540 0   # 39
-149.803 -177.685 0   # 39
-150.442 -179.821 0   # 39
-153.554 -180.284 0   # 39
-154.233 -190.979 0   # 39
-156.018 -192.653 0   # 39
-156.127 -193.865 0   # 39
-154.470 -198.387 0   # 39
-151.252 -200.740 0   # 39
-148.183 -204.608 0   # 39
-148.706 -211.220 0   # 39
-147.771 -214.257 0   # 39
-143.746 -216.228 0   # 39
-142.716 -217.702 0   # 39
-139.820 -218.304 0   # 39
-138.872 -223.052 0   # 39
-138.742 -223.802 0   # 39
-204.813 -223.164 0   # 39
-205.793 -253.253 1   # 39
-24.686 -214.079 0   # 40
-24.670 -199.484 0   # 40
-24.815 -183.334 0   # 40
-35.546 -183.118 0   # 40
-35.825 -175.679 0   # 40
-32.654 -175.414 0   # 40
-32.601 -146.773 0   # 40
-0.649 -146.571 0   # 40
51.474 -146.576 0   # 40
51.865 -175.908 0   # 40
52.274 -213.943 0   # 40
-24.686 -214.079 1   # 40
-24.670 -199.484 0   # 41
-50.472 -199.610 0   # 41
-50.699 -194.938 0   # 41
-58.300 -194.708 0   # 41
-58.411 -146.596 0   # 41
-32.601 -146.773 0   # 41
-32.654 -175.414 0   # 41
-35.825 -175.679 0   # 41
-35.546 -183.118 0   # 41
-24.815 -183.334 0   # 41
-24.670 -199.484 1   # 41
-119.811 -220.965 0   # 42
-122.363 -219.949 0   # 42
-123.610 -220.899 0   # 42
-124.495 -223.296 0   # 42
-138.872 -223.052 0   # 42
-139.820 -218.304 0   # 42
-142.716 -217.702 0   # 42
-143.746 -216.228 0   # 42
-147.771 -214.257 0   # 42
-148.706 -211.220 0   # 42
-148.183 -204.608 0   # 42
-151.252 -200.740 0   # 42
-154.470 -198.387 0   # 42
-156.127 -193.865 0   # 42
-156.018 -192.653 0   # 42
-154.233 -190.979 0   # 42
-153.554 -180.284 0   # 42
-150.442 -179.821 0   # 42
-149.803 -177.685 0   # 42
-146.277 -174.540 0   # 42
-145.172 -171.129 0   # 42
-153.858 -169.371 0   # 42
-158.428 -169.280 0   # 42
-161.478 -167.273 0   # 42
-162.780 -163.996 0   # 42
-165.557 -161.074 0   # 42
-169.134 -160.091 0   # 42
-168.678 -155.796 0   # 42
-167.113 -153.728 0   # 42
-133.088 -153.939 0   # 42
-133.063 -157.361 0   # 42
-131.710 -159.276 0   # 42
-126.042 -162.650 0   # 42
-126.336 -165.781 0   # 42
-125.517 -167.111 0   # 42
-120.690 -168.601 0   # 42
-119.240 -167.593 0   # 42
-117.320 -168.179 0   # 42
-115.148 -170.015 0   # 42
-113.557 -174.136 0   # 42
-111.325 -173.452 0   # 42
-110.583 -178.208 0   # 42
-108.740 -182.219 0   # 42
-112.606 -188.598 0   # 42
-112.859 -194.194 0   # 42
-109.419 -196.990 0   # 42
-109.172 -199.498 0   # 42
-107.287 -203.256 0   # 42
-107.246 -207.080 0   # 42
-112.479 -215.319 0   # 42
-119.811 -220.965 1   # 42
128.251 -202.430 0   # 43
128.119 -194.884 0   # 43
128.990 -194.851 0   # 43
128.585 -155.798 0   # 43
224.698 -152.319 0   # 43
226.057 -190.551 0   # 43
226.331 -199.103 0   # 43
128.251 -202.430 1   # 43
-34.269 -243.060 0   # 44
-98.285 -243.549 0   # 44
-104.122 -238.423 0   # 44
-109.199 -231.659 0   # 44
-113.649 -227.943 0   # 44
-119.811 -220.965 0   # 44
-112.479 -215.319 0   # 44
-107.246 -207.080 0   # 44
-107.287 -203.256 0   # 44
-109.172 -199.498 0   # 44
-109.419 -196.990 0   # 44
-112.859 -194.194 0   # 44
-58.300 -194.708 0   # 44
-50.699 -194.938 0   # 44
-50.472 -199.610 0   # 44
-24.670 -199.484 0   # 44
-24.686 -214.079 0   # 44
-24.733 -242.866 0   # 44
-34.269 -243.060 1   # 44
# Roads
13.282 -353.360 0   # 0
8.888 -348.386 2   # 0
-0.900 -328.208 0   # 0
-8.434 -316.151 0   # 0
-9.887 -312.983 0   # 0
-12.435 -309.351 0   # 0
-16.192 -298.114 0   # 0
-15.381 -292.348 0   # 0
-15.363 -281.931 0   # 0
-12.677 -276.952 0   # 0
-7.553 -269.923 0   # 0
-6.011 -265.891 0   # 0
-0.700 -257.043 0   # 0
1.108 -253.253 0   # 0
1.374 -249.419 0   # 0
3.356 -243.459 0   # 0
3.449 -241.845 0   # 0
3.451 -240.536 0   # 0
2.941 -237.888 0   # 0
2.795 -221.688 0   # 0
-1.858 -209.830 0   # 0
-5.920 -195.986 0   # 0
-10.563 -187.146 0   # 0
-12.877 -184.261 0   # 0
-14.572 -182.862 0   # 0
-15.866 -181.198 0   # 0
-17.351 -179.893 0   # 0
-18.108 -177.505 0   # 0
-17.758 -174.523 0   # 0
-16.012 -171.842 0   # 0
-13.637 -168.132 0   # 0
-12.650 -163.013 0   # 0
-17.537 -153.073 0   # 0
-18.302 -147.716 0   # 0
-17.029 -140.623 0   # 0
-19.825 -135.842 0   # 0
-21.385 -131.167 0   # 0
-18.873 -118.844 0   # 0
-18.645 -116.821 0   # 0
-19.422 -98.878 0   # 0
-22.179 -91.023 0   # 0
-23.137 -88.742 0   # 0
-24.161 -86.060 0   # 0
-25.378 -85.047 0   # 0
-29.390 -82.021 0   # 0
-30.825 -80.663 0   # 0
-31.663 -78.830 0   # 0
-31.498 -76.408 0   # 0
-30.077 -74.644 0   # 0
-30.137 -70.316 0   # 0
-30.239 -68.960 0   # 0
-30.165 -66.843 0   # 0
-28.889 -40.713 0   # 0
-28.731 -27.160 0   # 0
-28.598 -12.952 0   # 0
-29.671 -4.831 0   # 0
-29.146 3.047 0   # 0
-30.269 15.196 0   # 0
-29.965 28.961 0   # 0
-29.211 34.934 0   # 0
-22.557 57.592 0   # 0
-22.637 60.827 0   # 0
-22.540 65.794 0   # 0
-18.885 73.488 0   # 0
-18.140 80.347 0   # 0
-17.449 87.407 0   # 0
-19.156 103.310 0   # 0
-22.380 112.749 0   # 0
-23.466 118.533 0   # 0
-22.800 123.277 0   # 0
-17.993 133.004 0   # 0
-17.509 135.580 0   # 0
-17.498 139.259 0   # 0
-19.234 143.677 0   # 0
-19.007 146.300 0   # 0
-15.219 150.777 0   # 0
-14.876 152.142 0   # 0
-26.046 163.469 0   # 0
-26.765 168.453 0   # 0
-27.742 178.478 0   # 0
-34.175 191.977 0   # 0
-36.027 197.809 0   # 0
-35.934 208.353 0   # 0
-34.091 217.705 0   # 0
-34.130 221.438 0   # 0
-44.177 234.052 0   # 0
-48.577 244.353 0   # 0
-50.466 249.130 0   # 0
-58.023 253.698 0   # 0
-61.806 253.964 0   # 0
-65.801 254.984 0   # 0
-68.055 255.568 0   # 0
-73.725 260.562 0   # 0
-78.121 260.923 0   # 0
-82.661 260.275 0   # 0
-95.663 263.030 0   # 0
-100.363 263.139 0   # 0
-129.040 265.257 0   # 0
-138.164 268.612 0   # 0
-140.373 270.008 0   # 0
-139.278 290.370 0   # 0
-140.227 293.595 0   # 0
-138.623 308.513 0   # 0
-142.200 326.322 0   # 0
-147.158 339.020 0   # 0
-152.037 348.638 0   # 0
-161.130 356.302 2   # 0
-362.580 -132.845 0   # 1
-349.747 -141.118 0   # 1
-346.233 -141.700 0   # 1
-327.250 -144.037 0   # 1
-317.274 -141.631 0   # 1
-310.972 -134.162 0   # 1
-311.032 -129.782 0   # 1
-306.423 -123.833 0   # 1
-304.233 -116.303 0   # 1
-298.693 -111.984 0   # 1
-293.059 -105.998 0   # 1
-287.237 -102.374 0   # 1
-283.484 -101.138 0   # 1
-274.051 -105.051 0   # 1
-264.566 -104.779 0   # 1
-253.664 -101.183 0   # 1
-246.166 -95.738 0   # 1
-240.737 -94.042 0   # 1
-230.650 -96.264 0   # 1
-226.932 -95.532 0   # 1
-209.704 -85.420 0   # 1
-205.254 -85.065 0   # 1
-200.133 -86.197 0   # 1
-188.488 -86.197 0   # 1
-183.386 -84.049 0   # 1
-178.657 -80.158 0   # 1
-177.685 -80.074 0   # 1
-175.572 -81.720 0   # 1
-173.785 -84.276 0   # 1
-160.840 -88.961 0   # 1
-158.851 -90.049 0   # 1
-156.641 -92.943 0   # 1
-154.408 -93.671 0   # 1
-147.912 -89.012 0   # 1
-143.250 -88.848 0   # 1
-140.923 -90.730 0   # 1
-140.269 -93.175 0   # 1
-137.198 -94.376 0   # 1
-133.897 -103.171 0   # 1
-131.546 -104.347 0   # 1
-130.022 -103.941 0   # 1
-126.337 -95.403 0   # 1
-122.056 -90.512 0   # 1
-113.017 -85.315 0   # 1
-106.591 -84.333 0   # 1
-103.117 -82.598 0   # 1
-91.921 -83.006 0   # 1
-87.959 -76.471 0   # 1
-84.828 -75.151 0   # 1
-82.421 -75.065 0   # 1
-79.622 -75.871 0   # 1
-74.407 -79.561 0   # 1
-69.230 -78.118 0   # 1
-67.217 -78.449 0   # 1
-64.363 -80.713 0   # 1
-58.858 -82.579 0   # 1
-55.199 -81.692 0   # 1
-47.801 -83.390 0   # 1
-46.892 -83.005 0   # 1
-44.160 -80.641 0   # 1
-42.477 -79.019 0   # 1
-42.126 -76.086 0   # 1
-41.868 -74.768 0   # 1
-38.032 -74.479 0   # 1
-37.205 -74.650 0   # 1
-32.129 -74.618 0   # 1
-30.077 -74.644 0   # 1
-25.100 -74.716 0   # 1
-19.918 -74.780 0   # 1
-15.859 -74.985 0   # 1
-11.665 -76.041 0   # 1
-7.352 -78.905 0   # 1
0.264 -79.584 0   # 1
18.149 -79.232 0   # 1
21.940 -80.453 0   # 1
32.762 -80.458 0   # 1
36.497 -81.579 0   # 1
41.681 -83.050 0   # 1
46.793 -86.638 0   # 1
55.262 -100.322 0   # 1
61.903 -109.038 0   # 1
63.135 -114.481 0   # 1
66.609 -120.846 0   # 1
69.436 -122.353 0   # 1
71.313 -125.858 0   # 1
73.333 -127.697 0   # 1
80.335 -129.702 0   # 1
82.344 -129.930 0   # 1
83.307 -130.952 0   # 1
84.242 -132.628 0   # 1
85.812 -133.426 0   # 1
89.079 -132.852 0   # 1
91.787 -131.341 0   # 1
139.155 -130.175 0   # 1
149.744 -127.813 0   # 1
158.376 -126.732 0   # 1
204.548 -126.289 0   # 1
207.045 -125.791 0   # 1
209.924 -123.263 0   # 1
218.281 -121.533 0   # 1
223.748 -121.306 0   # 1
251.653 -120.149 0   # 1
253.288 -120.086 0   # 1
277.245 -119.411 0   # 1
286.907 -114.297 0   # 1
296.338 -113.778 0   # 1
309.563 -113.060 0   # 1
312.327 -114.111 0   # 1
326.281 -132.068 0   # 1
332.439 -139.794 0   # 1
360.508 -140.005 2   # 1
356.317 71.663 0   # 2
349.447 73.955 0   # 2
334.483 82.173 0   # 2
330.095 81.538 0   # 2
325.319 82.907 0   # 2
309.403 84.376 0   # 2
294.334 84.014 0   # 2
287.388 83.277 0   # 2
284.093 81.024 0   # 2
273.594 79.337 0   # 2
250.038 79.703 0   # 2
244.860 78.385 0   # 2
220.579 71.315 0   # 2
209.517 67.095 0   # 2
204.825 67.768 0   # 2
186.188 69.710 0   # 2
171.884 76.262 0   # 2
168.884 76.952 0   # 2
139.698 76.225 0   # 2
136.002 76.385 0   # 2
128.739 81.250 0   # 2
124.939 82.768 0   # 2
119.716 83.980 0   # 2
109.089 84.531 0   # 2
106.723 86.104 0   # 2
84.268 86.461 0   # 2
81.784 85.762 0   # 2
73.428 83.084 0   # 2
48.733 81.193 0   # 2
48.557 81.180 0   # 2
46.616 80.856 0   # 2
44.647 78.415 0   # 2
39.844 77.504 0   # 2
31.788 79.076 0   # 2
-6.506 79.161 0   # 2
-10.386 78.162 0   # 2
-14.643 74.137 0   # 2
-18.885 73.488 0   # 2
-23.860 74.293 0   # 2
-40.066 72.161 0   # 2
-49.908 73.269 0   # 2
-58.336 76.358 0   # 2
-65.293 80.722 0   # 2
-67.479 84.227 0   # 2
-68.297 89.055 0   # 2
-69.708 91.812 0   # 2
-74.853 94.432 0   # 2
-80.387 94.983 0   # 2
-81.987 96.328 0   # 2
-84.642 100.686 0   # 2
-89.774 101.997 0   # 2
-95.406 102.196 0   # 2
-99.668 103.566 0   # 2
-111.588 113.332 0   # 2
-118.477 116.545 0   # 2
-125.894 126.659 0   # 2
-137.855 130.585 0   # 2
-139.667 132.787 0   # 2
-142.387 139.014 0   # 2
-146.161 143.116 0   # 2
-183.335 145.831 0   # 2
-189.322 145.832 0   # 2
-195.844 148.504 0   # 2
-203.277 149.959 0   # 2
-205.080 151.306 0   # 2
-209.744 152.128 0   # 2
-212.858 151.247 0   # 2
-216.326 149.808 0   # 2
-219.914 150.488 0   # 2
-224.829 150.804 0   # 2
-228.015 152.193 0   # 2
-244.462 148.139 0   # 2
-249.323 148.004 0   # 2
-257.854 146.172 0   # 2
-263.214 144.319 0   # 2
-271.612 144.417 0   # 2
-278.081 141.595 0   # 2
-303.601 137.792 0   # 2
-322.453 138.484 0   # 2
-335.116 140.025 0   # 2
-348.020 146.410 0   # 2
-352.276 146.943 2   # 2
-30.137 -70.316 0   # 3
-25.389 -69.742 0   # 3
-24.038 -68.837 0   # 3
-22.037 -64.786 0   # 3
-20.098 -63.155 0   # 3
-14.802 -59.438 0   # 3
0.527 -41.658 0   # 3
5.688 -37.136 0   # 3
13.740 -35.833 0   # 3
17.863 -30.948 0   # 3
26.811 -30.316 0   # 3
39.212 -24.721 0   # 3
50.281 -23.206 0   # 3
63.357 -23.224 0   # 3
66.064 -21.612 0   # 3
71.086 -21.526 0   # 3
76.413 -21.376 0   # 3
81.978 -19.405 0   # 3
86.937 -19.019 0   # 3
90.829 -18.872 0   # 3
92.719 -18.701 0   # 3
109.277 -5.228 0   # 3
117.821 5.927 0   # 3
121.114 10.941 0   # 3
124.763 19.999 0   # 3
133.605 31.274 0   # 3
142.423 37.863 0   # 3
186.805 55.362 0   # 3
197.073 56.317 0   # 3
201.639 60.178 0   # 3
207.279 65.129 0   # 3
209.517 67.095 2   # 3
