

Program CaseStats, run at Tue Apr 14 13:46:11 2009
==================================================


STAT TYPE: ARITHMETIC MEANS

Using ZERO when no storm exists at interp time

Performing rerandomization:

    n_rerand:       1000
    n_random_list:   200
    max_split:         7

Conditional properties:

                 Property name    Min-val    Max-val
                 seed_duration      0.000   3600.000
                      area_max      0.000   1500.000
                        nscans      1.000   1000.000


Using cases:  10  12  17  37  38  45  58  60  63  64  65  66  73  74  77
              80  81  84  85  86  89  90  91  92  93  96  97  98  99 100
             101 102 103 105 106 109 111 112 113 115 116 117 119 121 124
             125 126 127

                   Property name n_seed n_no_seed  stat_seed stat_no_seed diff_in_stats     % diff    Pfactor
                                 ====== =========  ========= ============ =============      =====    =======

Global properties
=================

                      cloud_base     23        25      1.088        0.554         0.533       96.2       89.2           
                    mixing_ratio     23        25     15.084       14.014         1.070        7.6       98.2           
                        temp_ccl     23        25     17.839       16.560         1.279        7.7       95.8           
                    deltat_500mb     23        25     -2.483       -1.740        -0.743      -42.7        7.5           
                          nscans     23        25      8.261        6.000         2.261       37.7       97.7           
                   seed_duration     23        25    746.087      492.000       254.087       51.6      100.0           
        duration_before_decision     23        25    818.870      811.120         7.750        1.0       52.7           
         duration_after_decision     23        25   2149.304     1358.480       790.824       58.2       99.3           
                    dbz_max_mean     23        25     49.098       47.967         1.131        2.4       78.8           
                     dbz_max_max     23        25     53.391       51.760         1.631        3.2       82.7           
                 dbz_max_max_roi     23        25     46.534       39.842         6.692       16.8       72.6           
                precip_flux_mean     23        25    475.416      240.876       234.540       97.4       93.1           
                 precip_flux_max     23        25    820.024      459.688       360.336       78.4       91.7           
             precip_flux_max_roi     23        25   2763.887     1406.133      1357.754       96.6       94.5           
                     volume_mean     23        25    175.288       73.295       101.993      139.2       96.6           
                      volume_max     23        25    275.539      127.896       147.644      115.4       95.2           
                  volume_max_roi     23        25    620.520      290.252       330.268      113.8       98.1           
           volume_above_alt_mean     23        25     69.887       20.580        49.307      239.6       96.1           
            volume_above_alt_max     23        25    118.091       44.280        73.811      166.7       93.8           
        volume_above_alt_max_roi     23        25    298.686       86.637       212.049      244.8       98.3           
                       mass_mean     23        25    178.225       70.602       107.623      152.4       95.7           
                        mass_max     23        25    310.637      141.228       169.409      120.0       93.9           
                    mass_max_roi     23        25    940.979      365.878       575.100      157.2       98.1           
             mass_above_alt_mean     23        25     71.571       17.561        54.010      307.6       95.5           
              mass_above_alt_max     23        25    139.796       43.209        96.587      223.5       94.3           
          mass_above_alt_max_roi     23        25    538.031      109.845       428.185      389.8       98.5           
                       area_mean     23        25     55.630       29.727        25.904       87.1       94.2           
                        area_max     23        25     83.617       47.025        36.592       77.8       93.7           
                    area_max_roi     23        25    185.382      116.149        69.233       59.6       93.2           
              ht_of_dbz_max_mean     23        25      2.575        2.207         0.369       16.7       94.7           
               ht_of_dbz_max_max     23        25      4.033        3.250         0.783       24.1       97.4           
           ht_of_dbz_max_max_roi     23        25     11.413        8.565         2.849       33.3       81.5           
            refl_centroid_z_mean     23        25      2.660        2.268         0.392       17.3       97.0           
             refl_centroid_z_max     23        25      3.422        2.822         0.600       21.3       97.5           
         refl_centroid_z_max_roi     23        25      3.097        2.383         0.714       30.0       69.5           
    ht_max_minus_centroid_z_mean     23        25     -0.084       -0.062        -0.023      -36.6       44.4           
     ht_max_minus_centroid_z_max     23        25      0.852        0.737         0.116       15.7       73.0           
 ht_max_minus_centroid_z_max_roi     23        25     10.874        9.221         1.653       17.9       77.2           
                        top_mean     23        25      5.642        4.681         0.961       20.5       97.0           
                         top_max     23        25      6.886        5.665         1.221       21.6       95.9           
                     top_max_roi     23        25      8.823        4.785         4.038       84.4       90.9           
                    base_max_roi     23        25      0.325        1.509        -1.184      -78.4        4.2           
                             ATI     23        25     52.487       17.123        35.363      206.5       98.4           
                     precip_mass     23        25   1668.073      540.881      1127.192      208.4       97.1           
                            VCDI     23        25     -0.006       -0.048         0.041       86.6       81.2           

Time series property: dbz_max
=============================

                     dbz_max@-15     23        25     25.296       22.102         3.194       14.5       69.1           
                     dbz_max@-10     23        25     29.383       27.695         1.688        6.1       59.8           
                     dbz_max@ -5     23        25     32.975       34.072        -1.096       -3.2       44.1           
                     dbz_max@  0     23        25     49.130       48.500         0.630        1.3       67.3           
                     dbz_max@  5     23        25     46.298       40.112         6.186       15.4       86.3           
                     dbz_max@ 10     23        25     40.890       32.499         8.391       25.8       88.1           
                     dbz_max@ 15     23        25     40.273       29.978        10.296       34.3       93.4           
                     dbz_max@ 20     23        25     39.412       29.206        10.206       34.9       93.5           
                     dbz_max@ 25     23        25     34.891       21.268        13.624       64.1       97.4           
                     dbz_max@ 30     23        25     27.521       15.439        12.082       78.3       96.2           
                     dbz_max@ 35     23        25     27.051        8.095        18.955      234.2       99.6           
                     dbz_max@ 40     23        25     22.978        7.893        15.085      191.1       98.4           
                     dbz_max@ 45     23        25     20.870        4.540        16.330      359.7       99.3           

Time series property: precip_flux
=================================

                 precip_flux@-15     23        25    292.715      202.865        89.850       44.3       75.2           
                 precip_flux@-10     23        25    320.653      215.210       105.443       49.0       77.5           
                 precip_flux@ -5     23        25    334.451      214.173       120.278       56.2       80.9           
                 precip_flux@  0     23        25    436.905      229.082       207.824       90.7       89.2           
                 precip_flux@  5     23        25    575.769      234.807       340.962      145.2       95.8           
                 precip_flux@ 10     23        25    591.089      215.601       375.487      174.2       97.2           
                 precip_flux@ 15     23        25    549.322      184.527       364.795      197.7       97.9           
                 precip_flux@ 20     23        25    498.859      155.660       343.199      220.5       98.2           
                 precip_flux@ 25     23        25    472.257      126.341       345.916      273.8       98.0           
                 precip_flux@ 30     23        25    484.994      109.824       375.170      341.6       97.8           
                 precip_flux@ 35     23        25    478.116      118.582       359.534      303.2       96.2           
                 precip_flux@ 40     23        25    464.402      119.704       344.698      288.0       94.9           
                 precip_flux@ 45     23        25    429.838      118.836       311.002      261.7       93.5           

Time series property: volume
============================

                      volume@-15     23        25     94.973       65.146        29.827       45.8       73.6           
                      volume@-10     23        25    112.686       66.036        46.650       70.6       82.8           
                      volume@ -5     23        25    130.671       65.800        64.871       98.6       88.9           
                      volume@  0     23        25    166.916       71.415        95.501      133.7       93.8           
                      volume@  5     23        25    187.596       74.825       112.772      150.7       95.9           
                      volume@ 10     23        25    202.062       67.480       134.583      199.4       97.7           
                      volume@ 15     23        25    202.654       56.004       146.649      261.9       99.4           
                      volume@ 20     23        25    193.155       45.283       147.872      326.5       99.5           
                      volume@ 25     23        25    183.020       34.949       148.071      423.7       99.4           
                      volume@ 30     23        25    179.704       30.948       148.756      480.7       99.3           
                      volume@ 35     23        25    179.980       30.984       148.996      480.9       98.8           
                      volume@ 40     23        25    169.568       30.920       138.647      448.4       98.4           
                      volume@ 45     23        25    159.613       30.476       129.137      423.7       97.9           

Time series property: mass
==========================

                        mass@-15     23        25    105.571       66.121        39.450       59.7       77.2           
                        mass@-10     23        25    117.118       65.658        51.459       78.4       81.9           
                        mass@ -5     23        25    125.752       62.243        63.509      102.0       87.7           
                        mass@  0     23        25    168.356       63.848       104.508      163.7       93.1           
                        mass@  5     23        25    216.387       62.813       153.574      244.5       97.3           
                        mass@ 10     23        25    225.127       56.966       168.161      295.2       98.3           
                        mass@ 15     23        25    212.229       49.664       162.565      327.3       99.2           
                        mass@ 20     23        25    191.495       43.404       148.090      341.2       99.1           
                        mass@ 25     23        25    176.175       37.210       138.965      373.5       98.6           
                        mass@ 30     23        25    180.855       36.575       144.280      394.5       97.8           
                        mass@ 35     23        25    180.029       39.922       140.107      351.0       96.9           
                        mass@ 40     23        25    176.102       40.258       135.843      337.4       95.6           
                        mass@ 45     23        25    169.131       39.484       129.647      328.4       95.3           

Time series property: area
==========================

                        area@-15     23        25     29.712       22.512         7.200       32.0       70.5           
                        area@-10     23        25     35.630       25.073        10.557       42.1       77.3           
                        area@ -5     23        25     41.791       26.946        14.846       55.1       82.7           
                        area@  0     23        25     52.386       31.005        21.381       69.0       89.5           
                        area@  5     23        25     57.540       33.090        24.450       73.9       90.0           
                        area@ 10     23        25     61.707       30.916        30.791       99.6       93.2           
                        area@ 15     23        25     62.386       25.668        36.718      143.1       96.9           
                        area@ 20     23        25     60.598       19.814        40.784      205.8       99.1           
                        area@ 25     23        25     58.473       14.042        44.431      316.4       99.4           
                        area@ 30     23        25     56.127       10.752        45.375      422.0       99.3           
                        area@ 35     23        25     56.229        9.772        46.457      475.4       99.3           
                        area@ 40     23        25     52.033        9.650        42.382      439.2       98.8           
                        area@ 45     23        25     47.757        9.096        38.661      425.1       98.2           

Time series property: ht_of_dbz_max
===================================

               ht_of_dbz_max@-15     23        25      1.359        1.160         0.199       17.1       67.8           
               ht_of_dbz_max@-10     23        25      1.336        1.399        -0.063       -4.5       43.6           
               ht_of_dbz_max@ -5     23        25      1.636        1.711        -0.075       -4.4       42.5           
               ht_of_dbz_max@  0     23        25      3.022        2.200         0.822       37.4       98.3           
               ht_of_dbz_max@  5     23        25      2.303        1.788         0.515       28.8       93.0           
               ht_of_dbz_max@ 10     23        25      1.816        1.395         0.421       30.2       87.2           
               ht_of_dbz_max@ 15     23        25      1.972        1.365         0.607       44.4       93.3           
               ht_of_dbz_max@ 20     23        25      2.032        1.350         0.682       50.5       95.5           
               ht_of_dbz_max@ 25     23        25      1.533        0.685         0.848      123.7       99.7           
               ht_of_dbz_max@ 30     23        25      1.435        0.560         0.875      156.3       98.6           
               ht_of_dbz_max@ 35     23        25      1.490        0.375         1.115      297.3       99.5           
               ht_of_dbz_max@ 40     23        25      1.239        0.310         0.929      299.5       98.8           
               ht_of_dbz_max@ 45     23        25      1.141        0.155         0.986      635.5       99.7           

Time series property: refl_centroid_z
=====================================

             refl_centroid_z@-15     23        25      1.366        1.104         0.262       23.7       74.7           
             refl_centroid_z@-10     23        25      1.442        1.354         0.088        6.5       59.1           
             refl_centroid_z@ -5     23        25      1.708        1.673         0.035        2.1       53.0           
             refl_centroid_z@  0     23        25      2.971        2.361         0.610       25.9       98.6           
             refl_centroid_z@  5     23        25      2.376        1.855         0.521       28.1       94.8           
             refl_centroid_z@ 10     23        25      1.962        1.500         0.462       30.8       89.9           
             refl_centroid_z@ 15     23        25      1.929        1.428         0.500       35.0       91.4           
             refl_centroid_z@ 20     23        25      1.901        1.388         0.513       37.0       92.4           
             refl_centroid_z@ 25     23        25      1.658        0.869         0.789       90.7       99.0           
             refl_centroid_z@ 30     23        25      1.381        0.649         0.732      112.8       98.6           
             refl_centroid_z@ 35     23        25      1.378        0.359         1.019      284.1       99.7           
             refl_centroid_z@ 40     23        25      1.181        0.329         0.851      258.4       99.2           
             refl_centroid_z@ 45     23        25      1.108        0.202         0.906      448.0       99.5           

Time series property: ht_max_minus_centroid_z
=============================================

     ht_max_minus_centroid_z@-15     23        25     -0.008        0.056        -0.063     -113.8       25.6           
     ht_max_minus_centroid_z@-10     23        25     -0.105        0.046        -0.151     -330.9        8.7           
     ht_max_minus_centroid_z@ -5     23        25     -0.072        0.038        -0.111     -289.8       20.5           
     ht_max_minus_centroid_z@  0     23        25      0.051       -0.161         0.211      131.5       80.9           
     ht_max_minus_centroid_z@  5     23        25     -0.073       -0.067        -0.005       -7.9       48.5           
     ht_max_minus_centroid_z@ 10     23        25     -0.146       -0.105        -0.041      -39.1       38.4           
     ht_max_minus_centroid_z@ 15     23        25      0.043       -0.063         0.106      169.1       81.4           
     ht_max_minus_centroid_z@ 20     23        25      0.131       -0.038         0.169      444.5       92.3           
     ht_max_minus_centroid_z@ 25     23        25     -0.126       -0.184         0.059       31.9       69.6           
     ht_max_minus_centroid_z@ 30     23        25      0.055       -0.089         0.143      161.8       85.5           
     ht_max_minus_centroid_z@ 35     23        25      0.113        0.016         0.096      587.3       71.7           
     ht_max_minus_centroid_z@ 40     23        25      0.058       -0.019         0.078      402.3       76.8           
     ht_max_minus_centroid_z@ 45     23        25      0.033       -0.047         0.080      169.9       77.6           

Time series property: volume_above_alt
======================================

            volume_above_alt@-15     23        25     41.126       22.794        18.332       80.4       78.3           
            volume_above_alt@-10     23        25     47.929       20.688        27.240      131.7       85.5           
            volume_above_alt@ -5     23        25     55.502       19.073        36.429      191.0       88.4           
            volume_above_alt@  0     23        25     72.593       18.495        54.098      292.5       95.3           
            volume_above_alt@  5     23        25     82.341       18.237        64.104      351.5       97.2           
            volume_above_alt@ 10     23        25     84.807       15.584        69.223      444.2       98.4           
            volume_above_alt@ 15     23        25     79.251       12.463        66.788      535.9       99.3           
            volume_above_alt@ 20     23        25     72.043       10.293        61.751      599.9       99.1           
            volume_above_alt@ 25     23        25     69.628        8.606        61.022      709.1       98.9           
            volume_above_alt@ 30     23        25     71.415        9.996        61.419      614.5       98.3           
            volume_above_alt@ 35     23        25     69.328       10.969        58.359      532.0       97.6           
            volume_above_alt@ 40     23        25     67.011       11.216        55.795      497.5       96.6           
            volume_above_alt@ 45     23        25     65.477       11.412        54.065      473.8       96.2           

Time series property: mass_above_alt
====================================

              mass_above_alt@-15     23        25     47.416       20.743        26.673      128.6       80.2           
              mass_above_alt@-10     23        25     49.042       18.599        30.442      163.7       84.4           
              mass_above_alt@ -5     23        25     52.903       15.295        37.608      245.9       87.7           
              mass_above_alt@  0     23        25     78.876       13.422        65.454      487.7       95.9           
              mass_above_alt@  5     23        25    102.343       12.648        89.696      709.2       98.0           
              mass_above_alt@ 10     23        25     93.963       11.047        82.916      750.6       98.6           
              mass_above_alt@ 15     23        25     81.582        9.892        71.690      724.7       99.2           
              mass_above_alt@ 20     23        25     72.059        9.386        62.673      667.7       98.4           
              mass_above_alt@ 25     23        25     66.314        8.830        57.485      651.0       97.8           
              mass_above_alt@ 30     23        25     74.590       11.580        63.010      544.1       96.3           
              mass_above_alt@ 35     23        25     69.769       12.242        57.527      469.9       95.0           
              mass_above_alt@ 40     23        25     69.588       11.974        57.614      481.2       95.3           
              mass_above_alt@ 45     23        25     68.253       11.983        56.270      469.6       95.3           

Time series property: ATI
=========================

                         ATI@-15     23        25      0.000        0.000         0.000        0.0                      
                         ATI@-10     23        25      0.000        0.000         0.000        0.0                      
                         ATI@ -5     23        25      0.393        0.247         0.146       59.0       85.3           
                         ATI@  0     23        25      2.613        1.567         1.046       66.8       88.4           
                         ATI@  5     23        25      7.489        4.306         3.183       73.9       90.0           
                         ATI@ 10     23        25     12.566        6.652         5.914       88.9       91.9           
                         ATI@ 15     23        25     17.741        8.673         9.069      104.6       93.5           
                         ATI@ 20     23        25     22.761       10.216        12.545      122.8       95.8           
                         ATI@ 25     23        25     27.190       10.080        17.110      169.7       97.7           
                         ATI@ 30     23        25     30.615        9.434        21.181      224.5       98.4           
                         ATI@ 35     23        25     35.295        6.422        28.873      449.6       99.6           
                         ATI@ 40     23        25     37.764        7.223        30.541      422.8       98.9           
                         ATI@ 45     23        25     39.888        5.458        34.429      630.8       99.1           

Time series property: VCDI
==========================

                        VCDI@-15     23        25      0.000        0.000         0.000        0.0                      
                        VCDI@-10     23        25      0.000        0.000         0.000        0.0                      
                        VCDI@ -5     23        25     -0.000       -0.001         0.000       54.6       58.5           
                        VCDI@  0     23        25      0.003       -0.009         0.012      130.4       83.6           
                        VCDI@  5     23        25     -0.005       -0.011         0.007       60.1       65.1           
                        VCDI@ 10     23        25     -0.012       -0.019         0.007       35.3       60.5           
                        VCDI@ 15     23        25     -0.005       -0.025         0.020       79.6       73.4           
                        VCDI@ 20     23        25      0.003       -0.029         0.033      111.8       81.7           
                        VCDI@ 25     23        25     -0.001       -0.023         0.022       94.8       74.6           
                        VCDI@ 30     23        25      0.019       -0.027         0.046      170.7       90.4           
                        VCDI@ 35     23        25      0.029       -0.002         0.031     1740.3       82.0           
                        VCDI@ 40     23        25      0.036       -0.004         0.040     1011.8       85.8           
                        VCDI@ 45     23        25      0.048       -0.012         0.060      507.8       94.2           

Time series property: precip_mass
=================================

                 precip_mass@-15     23        25      0.000        0.000         0.000        0.0                      
                 precip_mass@-10     23        25      0.000        0.000         0.000        0.0                      
                 precip_mass@ -5     23        25     12.216        6.719         5.496       81.8       86.7           
                 precip_mass@  0     23        25     78.463       41.767        36.696       87.9       88.9           
                 precip_mass@  5     23        25    259.569      112.137       147.432      131.5       94.7           
                 precip_mass@ 10     23        25    434.153      171.155       262.998      153.7       96.3           
                 precip_mass@ 15     23        25    596.625      224.167       372.458      166.2       96.7           
                 precip_mass@ 20     23        25    745.170      268.742       476.428      177.3       97.4           
                 precip_mass@ 25     23        25    879.400      276.115       603.285      218.5       98.0           
                 precip_mass@ 30     23        25    995.599      267.678       727.922      271.9       98.2           
                 precip_mass@ 35     23        25   1138.421      222.619       915.801      411.4       99.1           
                 precip_mass@ 40     23        25   1226.403      258.386       968.016      374.6       98.1           
                 precip_mass@ 45     23        25   1326.305      247.530      1078.775      435.8       98.0           


