# CASE TRACKS - QUEENSLAND 2008/2009 season - 35 DBZ threshold
#
#case   Seed?   N.    Seed   Decision time         track ref time       Ref-   End-  Compl Simpl Cloud Mixing  CCL    L.I.
#num    Y/N     of    Dur    YYYY MM DD HH MM SS   YYYY MM DD HH MM SS  start  ref   track track Base  Ratio   Temp   500mb
#               Flrs  (min)                                             (min)  (min) num   num   (km)  (g/kg)  (C)    (C)
#----   -----   ----  -----  -------------------   -------------------  -----  ----- ----- ----- ----- ------  ----   ------

 063     Y       08    13    2008 11 08 04 06 00  2008 11 08 04 04 56   20     60    706   730    1.40  -9.99  -9.99  -9.99
 064     N       00    05    2008 11 13 05 22 00  2008 11 13 05 22 59   20     60    1033  1044   0.91  -9.99  -9.99  -9.99
 065     Y       08    13    2008 11 13 06 00 00  2008 11 13 05 58 53   20     60    1020  1139   0.94  -9.99  -9.99  -9.99
 066     N       00    05    2008 11 25 05 32 00  2008 11 25 05 34 57   20     60    34    34     1.28  -9.99  -9.99  -9.99
 067     N       00    05    2008 12 04 03 58 00  2008 12 04 03 59 00   20     60    3     63     1.98  -9.99  -9.99  -9.99
 068     Y       04    08    2008 12 04 04 17 00  2008 12 04 04 22 59   20     60    3     108    2.29  -9.99  -9.99  -9.99
 069     N       00    04    2008 12 06 05 57 00  2008 12 06 05 58 54   20     60    127   129    1.83  -9.99  -9.99  -9.99
 070     Y       06    10    2008 12 06 06 14 00  2008 12 06 06 16 53   20     60    127   137    1.52  -9.99  -9.99  -9.99
 071     N       00    05    2008 12 06 06 47 00  2008 12 06 06 52 54   20     60    127   208    0.06  -9.99  -9.99  -9.99
 072     Y       06    10    2008 12 07 04 06 00  2008 12 07 04 28 56   20     60    2420  2420   1.10  -9.99  -9.99  -9.99  Not certain of track?? - fast moving storms
 073     Y       08    09    2008 12 07 05 03 00  2008 12 07 05 16 57   20     60    2552  2552   1.31  -9.99  -9.99  -9.99
 074     N       00    10    2008 12 09 02 36 00  2008 12 09 02 34 57   20     60    301   305    0.76  -9.99  -9.99  -9.99
 075     N       00    10    2008 12 09 03 01 00  2008 12 09 03 01 00   20     60    -1    -1     0.61  -9.99  -9.99  -9.99  No TITAN track
 076     Y       00    10    2008 12 09 03 42 00  2008 12 09 03 42 00   20     60    -1    -1     0.88  -9.99  -9.99  -9.99  No TITAN track
 077     N       00    10    2008 12 11 03 41 00  2008 12 11 03 40 57   20     60    19    19     1.83  -9.99  -9.99  -9.99
 078     Y       08    16    2009 01 17 04 37 00  2009 01 17 04 37 00   20     60    -1    -1     1.07  -9.99  -9.99  -9.99  No Mt Stapl data
 079     Y       08    14    2009 01 22 02 12 00  2009 01 22 02 12 00   20     60    -1    -1     0.79  -9.99  -9.99  -9.99  No TITAN track
 080     Y       08    14    2009 01 22 02 42 00  2009 01 22 02 52 57   20     60    257   257    0.85  -9.99  -9.99  -9.99
 081     N       00    15    2009 01 22 05 21 00  2009 01 22 05 22 57   20     60    563   563    1.07  -9.99  -9.99  -9.99
 082     Y       06    13    2009 01 22 05 50 00  2009 01 22 05 50 00   20     60    -1    -1     0.91  -9.99  -9.99  -9.99  No TITAN track
 083     Y       08    11    2009 01 22 06 16 00  2009 01 22 06 16 56   20     60    296   775    0.94  -9.99  -9.99  -9.99
 084     Y       06    10    2009 01 23 02 08 00  2009 01 23 02 28 51   20     60    2746  2883   1.22  -9.99  -9.99  -9.99
 085     N       00    10    2009 01 23 02 55 00  2009 01 23 02 52 52   20     60    2922  2922   0.98  -9.99  -9.99  -9.99
 086     Y       08    12    2009 01 23 03 34 00  2009 01 23 03 52 53   20     60    3157  3158   1.22  -9.99  -9.99  -9.99
 087     N       00    15    2009 01 23 06 50 00  2009 01 23 06 52 52   20     60    2857  3695   0.98  -9.99  -9.99  -9.99
 088     N       00    10    2009 01 23 07 20 00  2009 01 23 07 22 52   20     60    2857  3750   0.91  -9.99  -9.99  -9.99
 089     Y       08    13    2009 01 24 04 51 00  2009 01 24 04 52 55   20     60    873   873    1.71  -9.99  -9.99  -9.99
 090     Y       08    12    2009 01 24 05 48 00  2009 01 24 05 52 56   20     60    874   935    1.71  -9.99  -9.99  -9.99
 091     N       00    10    2009 01 25 02 55 00  2009 01 25 02 52 58   20     60    1298  1298   0.73  -9.99  -9.99  -9.99
 092     Y       08    21    2009 01 25 03 30 00  2009 01 25 03 34 59   20     60    1569  1569   0.73  -9.99  -9.99  -9.99
 093     N       00    12    2009 01 25 04 03 00  2009 01 25 04 04 59   20     60    1586  1767   0.61  -9.99  -9.99  -9.99
 094     Y       06    10    2009 01 25 04 27 00  2009 01 25 04 40 59   20     60    677   1972   0.55  -9.99  -9.99  -9.99
 095     N       00    10    2009 01 26 03 15 00  2009 01 26 03 16 53   20     60    316   1075   0.94  -9.99  -9.99  -9.99
 096     Y       08    13    2009 01 27 02 08 00  2009 01 27 02 10 57   20     60    1567  1567   0.76  -9.99  -9.99  -9.99
 097     Y       08    12    2009 01 27 02 47 00  2009 01 27 02 46 56   20     60    1524  1724   1.01  -9.99  -9.99  -9.99
 098     N       00    12    2009 01 27 05 22 00  2009 01 27 05 22 56   20     60    2175  2175   1.01  -9.99  -9.99  -9.99
 099     N       00    10    2009 01 27 05 46 00  2009 01 27 05 52 57   20     60    2156  2156   0.88  -9.99  -9.99  -9.99
 100     Y       10    20    2009 01 27 06 04 00  2009 01 27 06 04 59   20     60    2158  2211   1.22  -9.99  -9.99  -9.99
 101     N       00    10    2009 01 27 07 38 00  2009 01 27 07 40 57   20     60    2253  2306   0.91  -9.99  -9.99  -9.99
 102     N       00    09    2009 02 03 03 38 00  2009 02 03 03 52 56   20     60    576   576    0.76  -9.99  -9.99  -9.99
 103     Y       08    14    2009 02 03 04 18 00  2009 02 03 04 22 56   20     60    562   647    0.79  -9.99  -9.99  -9.99
 104     Y       06    14    2009 02 03 05 08 00  2009 02 03 05 08 00   20     60    -1    -1     1.07  -9.99  -9.99  -9.99  No TITAN track
 105     N       00    12    2009 02 15 04 31 00  2009 02 15 04 34 56   20     60    40    40     1.25  -9.99  -9.99  -9.99
 106     N       00    05    2009 02 15 05 05 00  2009 02 15 05 04 57   20     60    53    53     1.28  -9.99  -9.99  -9.99
 107     Y       08    11    2009 02 15 06 28 00  2009 02 15 06 28 00   20     60    -1    -1     1.74  -9.99  -9.99  -9.99  No TITAN track
 108     Y       08    12    2009 02 15 06 46 00  2009 02 15 06 46 00   20     60    -1    -1     1.62  -9.99  -9.99  -9.99  No TITAN track
 109     N       00    10    2009 02 16 04 43 00  2009 02 16 05 16 59   20     60    409   409   -9.99  -9.99  -9.99  -9.99
 110     N       00    10    2009 02 16 05 35 00  2009 02 16 05 35 00   20     60    257   382    1.07  -9.99  -9.99  -9.99
 111     Y       08    11    2009 02 17 03 12 00  2009 02 17 03 16 53   20     60    473   516    1.31  -9.99  -9.99  -9.99
 112     Y       08    11    2009 02 17 04 16 00  2009 02 17 04 16 54   20     60    717   717    1.22  -9.99  -9.99  -9.99
 113     N       00    05    2009 02 17 06 45 00  2009 02 17 06 46 54   20     60    1497  1565   0.91  -9.99  -9.99  -9.99
 114     Y       08    14    2009 02 18 01 05 00  2009 02 18 01 05 00   20     60    -1    -1     0.52  -9.99  -9.99  -9.99  No TITAN track
 115     N       00    10    2009 02 18 03 36 00  2009 02 18 03 40 56   20     60    638   688    0.91  -9.99  -9.99  -9.99
 116     N       00    15    2009 02 18 04 09 00  2009 02 18 04 46 57   20     60    823   823    1.16  -9.99  -9.99  -9.99
 117     Y       08    10    2009 02 20 02 08 00  2009 02 20 02 10 55   20     60    64    160    1.07  -9.99  -9.99  -9.99
 118     N       00    10    2009 02 20 03 03 00  2009 02 20 03 10 55   20     60    97    325    1.62  -9.99  -9.99  -9.99
 119     N       00    10    2009 02 20 03 39 00  2009 02 20 03 40 56   20     60    97    400    1.04  -9.99  -9.99  -9.99
 120     Y       08    10    2009 02 21 01 52 00  2009 02 21 01 52 00   20     60    -1    -1     0.79  -9.99  -9.99  -9.99  No TITAN track
 121     Y       08    12    2009 02 21 02 41 00  2009 02 21 02 58 59   20     60    557   572    1.16  -9.99  -9.99  -9.99
 122     N       00    10    2009 02 21 04 43 00  2009 02 21 04 43 00   20     60    -1    -1     0.73  -9.99  -9.99  -9.99  No TITAN track
 123     Y       08    10    2009 02 21 07 40 00  2009 02 21 07 40 00   20     60    -1    -1     0.73  -9.99  -9.99  -9.99  No TITAN track
 124     N       00    10    2009 02 22 04 24 00  2009 02 22 04 34 54   20     60    1236  1236   1.22  -9.99  -9.99  -9.99
 125     Y       08    12    2009 02 22 04 49 00  2009 02 22 05 22 55   20     60    1350  1350   1.22  -9.99  -9.99  -9.99
 126     N       00    10    2009 02 22 05 23 00  2009 02 22 05 34 56   20     60    1346  1385   1.16  -9.99  -9.99  -9.99
 127     Y       08    12    2009 02 22 06 26 00  2009 02 22 06 28 54   20     60    1505  1505   0.98  -9.99  -9.99  -9.99
